    latitude   longitude altitude speed bearing accuracy    timestamp
-21,98037287-47,88622292    842,0   7,3   199,0      3,01321641428000
-21,98048302-47,88623620    842,4   7,3   186,4      4,01321641430000
-21,98056160-47,88624960    841,3   8,1   187,2      4,01321641431000
-21,98063667-47,88628409    841,4   8,5   202,3      4,01321641432000
-21,98071529-47,88632325    841,5   8,7   206,1      4,01321641433000
-21,98078519-47,88638655    841,5   9,0   216,6      6,01321641434000
-21,98083580-47,88645815    840,9   8,8   226,4      6,01321641435000
-21,98084220-47,88655316    840,3   8,5   246,0      6,01321641436000
-21,98080906-47,88668273    839,5   9,6   268,3      6,01321641437000
-21,98075723-47,88679674    839,2  10,3   282,6      6,01321641438000
-21,98067999-47,88688566    837,9  10,5   297,4      4,01321641439000
-21,98063786-47,88698186    837,4  10,1   294,6      6,01321641440000
-21,98063091-47,88707445    837,6   9,4   282,9      6,01321641441000
-21,98074196-47,88715390    836,3  10,4   234,1      4,01321641442000
-21,98080867-47,88722675    835,9  11,1   224,0      4,01321641443000
-21,98087322-47,88731450    835,1  11,3   229,9      4,01321641444000
-21,98093199-47,88740649    835,3  11,4   234,4      4,01321641445000
-21,98094400-47,88752674    835,7  11,6   253,6      4,01321641446000
-21,98096619-47,88764003    835,7  11,8   255,0      4,01321641447000
-21,98098737-47,88775484    835,4  12,0   257,0      4,01321641448000
-21,98100712-47,88787366    835,4  12,1   258,5      4,01321641449000
-21,98102341-47,88798808    835,4  12,1   259,8      4,01321641450000
-21,98102659-47,88810473    835,2  12,0   263,6      4,01321641451000
-21,98097095-47,88821624    835,2  12,1   280,2      4,01321641452000
-21,98094656-47,88833108    836,0  12,1   282,1      4,01321641453000
-21,98093131-47,88844423    836,6  12,0   280,3      4,01321641454000
-21,98092821-47,88856242    837,2  11,8   274,9      4,01321641455000
-21,98098003-47,88865904    839,2  11,0   256,8      4,01321641456000
-21,98100812-47,88874489    839,6  10,1   252,4      4,01321641457000
-21,98107481-47,88879321    839,6   8,8   228,9      4,01321641458000
-21,98113633-47,88884309    839,5   8,3   219,8      4,01321641459000
-21,98122135-47,88884142    838,9   8,3   189,5      4,01321641460000
-21,98129460-47,88881821    838,8   8,3   165,9      4,01321641461000
-21,98135677-47,88876545    838,8   8,5   141,4      4,01321641462000
-21,98141678-47,88870826    838,3   8,7   134,7      4,01321641463000
-21,98145096-47,88862425    838,5   9,0   121,7      4,01321641464000
-21,98145212-47,88852626    838,4   9,2   105,6      6,01321641465000
-21,98141141-47,88842050    837,9  10,0    84,9      4,01321641466000
-21,98140146-47,88831827    837,5  10,1    84,7      4,01321641467000
-21,98140200-47,88822090    837,2   9,9    88,8      4,01321641468000
-21,98141683-47,88812243    836,1  10,0    99,0      4,01321641469000
-21,98145785-47,88803258    834,7  10,1   114,2      4,01321641470000
-21,98153357-47,88796113    833,8  11,0   133,9      4,01321641471000
-21,98163203-47,88791201    832,2  11,8   152,1      4,01321641472000
-21,98174807-47,88786948    831,4  13,3   161,1      4,01321641473000
-21,98187684-47,88782963    830,7  14,8   164,3      4,01321641474000
-21,98201709-47,88779280    829,2  15,6   166,0      4,01321641475000
-21,98216567-47,88775188    828,6  16,7   166,2      4,01321641476000
-21,98232068-47,88770801    827,8  17,2   166,0      4,01321641477000
-21,98247526-47,88766777    827,1  17,3   166,0      4,01321641478000
-21,98263028-47,88762108    826,5  17,7   165,5      4,01321641479000
-21,98278863-47,88757641    825,8  18,1   165,2      4,01321641480000
-21,98295129-47,88753036    825,2  18,3   165,3      4,01321641481000
-21,98310644-47,88748524    824,8  18,2   165,2      4,01321641482000
-21,98326201-47,88744212    825,1  18,0   165,5      4,01321641483000
-21,98341345-47,88739609    825,4  17,8   165,1      4,01321641484000
-21,98355637-47,88735142    825,4  17,3   164,9      4,01321641485000
-21,98370487-47,88731519    825,7  17,1   165,8      4,01321641486000
-21,98384181-47,88727015    825,9  17,0   164,8      4,01321641487000
-21,98399531-47,88722525    826,1  17,1   164,6      4,01321641488000
-21,98413711-47,88718749    825,7  16,6   165,3      4,01321641489000
-21,98427568-47,88715012    826,0  16,1   166,3      4,01321641490000
-21,98441820-47,88711725    826,1  16,0   167,7      6,01321641491000
-21,98457035-47,88710050    826,2  16,3   170,2      6,01321641492000
-21,98472758-47,88707777    826,2  16,7   171,9      6,01321641493000
-21,98489799-47,88708625    825,5  18,0   176,7      4,01321641494000
-21,98506425-47,88709256    825,2  18,8   179,7      4,01321641495000
-21,98522694-47,88709573    825,6  19,3   181,6      4,01321641496000
-21,98540742-47,88710557    825,6  19,3   183,2      4,01321641497000
-21,98558653-47,88712680    825,7  19,6   185,0      4,01321641498000
-21,98577690-47,88715646    825,1  20,6   187,6      4,01321641499000
-21,98596214-47,88718417    824,8  20,7   188,4      4,01321641500000
-21,98615450-47,88721584    824,6  21,0   189,5      4,01321641501000
-21,98634414-47,88725638    824,1  21,3   191,7      6,01321641502000
-21,98653293-47,88731513    824,2  21,5   194,2      6,01321641503000
-21,98673443-47,88739698    823,7  22,3   197,6      4,01321641504000
-21,98692947-47,88746843    823,6  22,5   198,1      4,01321641505000
-21,98711870-47,88754479    823,9  22,6   198,8      4,01321641506000
-21,98731516-47,88762095    824,2  22,7   199,0      4,01321641507000
-21,98751276-47,88770043    824,9  22,7   199,1      4,01321641508000
-21,98770710-47,88777263    825,4  22,6   199,0      4,01321641509000
-21,98789686-47,88784215    826,1  22,5   198,8      4,01321641510000
-21,98808929-47,88791321    826,4  22,6   198,8      4,01321641511000
-21,98828078-47,88797181    826,8  22,4   198,2      4,01321641512000
-21,98847046-47,88803940    826,8  22,3   198,4      4,01321641513000
-21,98865916-47,88811505    827,2  22,2   198,9      4,01321641514000
-21,98885277-47,88818051    827,1  22,1   198,7      4,01321641515000
-21,98903430-47,88825347    827,3  21,8   199,2      4,01321641516000
-21,98921310-47,88832560    828,0  21,7   199,3      4,01321641517000
-21,98939754-47,88839077    828,4  21,6   198,8      4,01321641518000
-21,98957066-47,88845168    830,6  21,2   198,9      4,01321641519000
-21,98975069-47,88851293    830,2  21,1   198,6      4,01321641520000
-21,98992787-47,88857638    830,1  21,3   198,9      4,01321641521000
-21,99010797-47,88864363    830,8  21,3   199,1      4,01321641522000
-21,99029341-47,88871017    830,5  21,3   199,1      4,01321641523000
-21,99047489-47,88877617    830,5  21,3   199,2      4,01321641524000
-21,99065755-47,88884432    830,2  21,3   199,3      4,01321641525000
-21,99083300-47,88891068    830,5  20,9   199,0      4,01321641526000
-21,99100860-47,88897735    830,5  20,8   199,0      4,01321641527000
-21,99118352-47,88904372    830,3  20,8   199,0      4,01321641528000
-21,99136033-47,88911137    830,6  20,6   199,0      4,01321641529000
-21,99153062-47,88917334    830,4  20,3   199,0      4,01321641530000
-21,99170110-47,88923772    830,7  20,1   199,3      4,01321641531000
-21,99187026-47,88930156    830,8  19,8   199,6      4,01321641532000
-21,99203427-47,88934037    831,2  19,0   198,3      4,01321641533000
-21,99215829-47,88938051    831,9  16,8   198,4      4,01321641534000
-21,99229613-47,88943152    832,5  15,3   197,8      4,01321641535000
-21,99242529-47,88947701    832,8  14,5   196,8      4,01321641536000
-21,99253023-47,88951565    832,4  12,8   197,5      4,01321641537000
-21,99261521-47,88954217    832,8  10,8   196,2      4,01321641538000
-21,99269895-47,88956005    832,3  10,1   195,3      6,01321641539000
-21,99276063-47,88959416    832,3   9,0   200,2      6,01321641540000
-21,99282470-47,88964176    832,4   8,9   203,2      6,01321641541000
-21,99292992-47,88968080    832,4  10,2   201,7      4,01321641542000
-21,99301973-47,88971278    832,5  11,0   200,2      4,01321641543000
-21,99312050-47,88974743    833,0  11,7   198,4      4,01321641544000
-21,99322324-47,88978154    833,5  11,9   198,4      4,01321641545000
-21,99332219-47,88982111    834,2  12,2   199,0      4,01321641546000
-21,99343609-47,88987274    836,5  13,2   201,1      4,01321641547000
-21,99355438-47,88991358    837,6  13,3   199,4      4,01321641548000
-21,99367259-47,88994985    837,7  13,8   198,4      4,01321641549000
-21,99391529-47,89004442    839,3  14,1   198,8      4,01321641551000
-21,99403653-47,89009387    840,5  14,2   198,7      4,01321641552000
-21,99415830-47,89013809    840,9  14,2   198,5      4,01321641553000
-21,99428125-47,89018542    840,9  14,3   198,6      4,01321641554000
-21,99440755-47,89022999    841,0  14,6   199,2      4,01321641555000
-21,99453350-47,89027979    841,7  14,8   199,2      4,01321641556000
-21,99466380-47,89033102    841,9  15,1   200,1      4,01321641557000
-21,99479196-47,89038194    842,2  15,2   200,5      4,01321641558000
-21,99492042-47,89043179    842,2  15,1   200,2      4,01321641559000
-21,99504880-47,89047974    842,3  15,0   199,8      4,01321641560000
-21,99518611-47,89052410    842,7  15,4   199,8      4,01321641561000
-21,99531005-47,89057248    843,2  15,2   200,1      4,01321641562000
-21,99543073-47,89062237    843,4  14,9   199,9      4,01321641563000
-21,99555329-47,89067347    843,7  14,6   200,0      4,01321641564000
-21,99567606-47,89071649    844,4  14,8   199,8      4,01321641565000
-21,99580188-47,89077008    844,5  14,8   200,4      4,01321641566000
-21,99591918-47,89081067    844,8  14,0   199,2      4,01321641567000
-21,99603798-47,89085178    844,8  13,7   198,5      4,01321641568000
-21,99614254-47,89088746    844,8  12,7   197,8      4,01321641569000
-21,99623332-47,89092488    845,0  11,6   198,8      4,01321641570000
-21,99629941-47,89095313    845,3   9,8   199,5      4,01321641571000
-21,99635051-47,89096820    845,2   7,7   197,5      4,01321641572000
-21,99636415-47,89097802    845,1   5,2   198,8      4,01321641573000
-21,99637839-47,89097715    845,3   3,5   198,1      4,01321641574000
-21,99635536-47,89097186    845,2   0,6   198,1      4,01321641575000
-21,99635038-47,89097760    845,3   0,0   198,1      4,01321641576000
-21,99634903-47,89097617    845,2   0,0   198,1      4,01321641577000
-21,99634903-47,89097617    845,2   0,0   198,1      6,01321641578000
-21,99634986-47,89097916    845,1   0,0   198,1      6,01321641579000
-21,99634924-47,89098175    845,1   0,0   198,1      6,01321641580000
-21,99634858-47,89098120    845,1   0,0   198,1      6,01321641581000
-21,99634710-47,89098131    845,2   0,0   198,1      6,01321641582000
-21,99634741-47,89097995    845,2   0,0   198,1      6,01321641583000
-21,99634495-47,89097835    845,4   0,0   198,1      6,01321641584000
-21,99634484-47,89097739    845,5   0,0   198,1      6,01321641585000
-21,99634469-47,89097732    845,5   0,0   198,1      6,01321641586000
-21,99634439-47,89097726    845,5   0,0   198,1      6,01321641587000
-21,99634391-47,89097716    845,5   0,0   198,1      6,01321641588000
-21,99634340-47,89097698    845,5   0,0   198,1      6,01321641589000
-21,99634345-47,89097704    845,5   0,0   198,1      6,01321641590000
-21,99634386-47,89097793    845,5   0,1   198,1      6,01321641591000
-21,99634680-47,89098613    845,8   0,6   198,1      6,01321641592000
-21,99639826-47,89100297    845,7   3,3   201,0      4,01321641593000
-21,99643437-47,89099742    846,5   3,6   198,6      4,01321641594000
-21,99645673-47,89100804    846,6   3,9   198,3      4,01321641595000
-21,99649418-47,89102753    847,0   4,7   200,1      6,01321641596000
-21,99656501-47,89105000    848,3   7,1   199,3      4,01321641597000
-21,99663476-47,89107231    848,7   7,0   196,2      4,01321641598000
-21,99669958-47,89109234    848,6   7,3   196,0      4,01321641599000
-21,99677499-47,89112446    848,5   7,9   198,2      4,01321641600000
-21,99687508-47,89115554    848,2   9,6   197,9      4,01321641601000
-21,99697005-47,89118934    847,6  10,2   196,4      4,01321641602000
-21,99706627-47,89121375    847,3  10,7   193,8      4,01321641603000
-21,99716278-47,89123882    847,5  10,8   191,5      4,01321641604000
-21,99726122-47,89125362    846,9  10,9   189,2      4,01321641605000
-21,99735579-47,89125953    847,3  11,0   186,2      4,01321641606000
-21,99746063-47,89126732    846,8  10,9   183,9      4,01321641607000
-21,99755179-47,89126627    846,3  10,3   181,5      4,01321641608000
-21,99764440-47,89126382    846,9  10,3   181,2      6,01321641609000
-21,99773775-47,89126581    847,0  10,3   181,1      6,01321641610000
-21,99783311-47,89127216    846,4  10,0   182,9      6,01321641611000
-21,99791342-47,89127529    846,0   9,4   183,3      6,01321641612000
-21,99798903-47,89128995    845,8   9,1   185,7      6,01321641613000
-21,99807168-47,89129052    845,9   9,1   185,9      6,01321641614000
-21,99813866-47,89129803    846,3   8,3   187,6      6,01321641615000
-21,99821634-47,89130017    846,1   7,9   187,9      6,01321641616000
-21,99828306-47,89131622    846,4   7,7   188,8      6,01321641617000
-21,99833527-47,89132414    846,6   7,1   188,7      6,01321641618000
-21,99838657-47,89133052    846,5   6,5   189,3      6,01321641619000
-21,99845020-47,89134120    846,5   6,6   188,2      6,01321641620000
-21,99851382-47,89134473    846,4   6,7   184,5      6,01321641621000
-21,99858211-47,89134036    846,7   7,0   179,7      6,01321641622000
-21,99866019-47,89133375    846,0   7,3   177,2      6,01321641623000
-21,99874314-47,89131539    846,0   7,4   173,8      6,01321641624000
-21,99883142-47,89129896    846,2   8,2   169,1      4,01321641625000
-21,99891990-47,89128473    847,4   8,5   169,1      4,01321641626000
-21,99900029-47,89127796    847,9   8,4   169,0      4,01321641627000
-21,99907441-47,89126309    848,3   8,4   165,6      4,01321641628000
-21,99915176-47,89124523    848,7   8,2   166,2      4,01321641629000
-21,99921097-47,89123318    850,7   7,1   165,2      4,01321641630000
-21,99927574-47,89122521    851,2   6,7   170,3      4,01321641631000
-21,99932815-47,89122951    851,2   6,0   179,0      4,01321641632000
-21,99936727-47,89125316    851,3   5,3   196,4      4,01321641633000
-21,99936005-47,89133375    849,9   5,4   248,0      4,01321641634000
-21,99937644-47,89138236    849,4   5,6   251,2      4,01321641635000
-21,99939276-47,89143369    849,0   5,6   251,2      6,01321641636000
-21,99939480-47,89155628    850,4   8,6   262,4      4,01321641637000
-21,99940746-47,89164017    849,3   8,5   264,0      4,01321641638000
-21,99941247-47,89171528    849,2   8,0   265,3      4,01321641639000
-21,99941267-47,89179457    848,1   7,9   267,7      4,01321641640000
-21,99942011-47,89187911    847,9   8,0   268,4      4,01321641641000
-21,99942028-47,89195320    847,1   8,0   269,2      6,01321641642000
-21,99943322-47,89204369    847,5   8,1   267,0      6,01321641643000
-21,99943195-47,89212021    846,8   8,1   269,4      6,01321641644000
-21,99943491-47,89219169    846,9   7,8   267,2      6,01321641645000
-21,99942647-47,89229035    846,5   8,8   269,8      6,01321641646000
-21,99942722-47,89238746    846,4   9,2   270,1      6,01321641647000
-21,99943340-47,89248406    846,1   9,4   269,6      6,01321641648000
-21,99943349-47,89256879    845,5   9,3   270,5      6,01321641649000
-21,99942563-47,89267487    845,1   9,9   272,3      6,01321641650000
-21,99941643-47,89277047    845,1   9,8   273,1      6,01321641651000
-21,99941605-47,89286937    845,0   9,5   272,2      6,01321641652000
-21,99941076-47,89295840    844,2   8,7   268,9      6,01321641653000
-21,99941142-47,89304135    843,9   8,3   268,5      6,01321641654000
-21,99940630-47,89311140    843,6   7,7   270,3      6,01321641655000
-21,99940660-47,89317844    843,1   7,5   271,5      6,01321641656000
-21,99941602-47,89325394    843,0   7,4   270,8      6,01321641657000
-21,99938214-47,89332009    843,1   7,2   274,6      6,01321641658000
-21,99938032-47,89338848    842,5   7,4   272,2      4,01321641659000
-21,99938001-47,89347534    840,6   7,6   272,7      4,01321641660000
-21,99937313-47,89355692    839,4   7,7   272,2      4,01321641661000
-21,99936594-47,89363755    838,6   7,6   272,1      4,01321641662000
-21,99936573-47,89370542    837,4   7,1   272,3      4,01321641663000
-21,99936309-47,89376183    837,1   6,4   272,4      4,01321641664000
-21,99936051-47,89381984    837,0   5,9   271,9      4,01321641665000
-21,99935488-47,89386462    837,0   4,8   272,2      4,01321641666000
-21,99932659-47,89390498    835,8   4,9   294,5      4,01321641667000
-21,99930170-47,89394775    834,8   4,8   300,8      4,01321641668000
-21,99926465-47,89396968    834,6   4,5   320,3      4,01321641669000
-21,99922111-47,89398716    834,8   4,9   330,8      4,01321641670000
-21,99917512-47,89400890    834,8   5,2   333,3      4,01321641671000
-21,99913804-47,89402638    834,6   4,8   334,8      4,01321641672000
-21,99909779-47,89406265    834,4   5,2   327,1      6,01321641673000
-21,99905256-47,89411470    834,4   6,0   318,8      4,01321641674000
-21,99901512-47,89418613    834,4   6,8   307,4      6,01321641675000
-21,99895974-47,89425164    834,1   7,6   308,8      6,01321641676000
-21,99892582-47,89429428    833,9   6,6   311,1      6,01321641677000
-21,99888207-47,89430764    834,0   5,1   325,6      6,01321641678000
-21,99884909-47,89432133    834,2   4,4   338,8      6,01321641679000
-21,99881591-47,89433677    833,9   4,0   344,1      6,01321641680000
-21,99877889-47,89435182    833,6   3,9   341,1      6,01321641681000
-21,99875630-47,89438522    833,3   3,9   314,3      4,01321641682000
-21,99873814-47,89443196    833,1   5,0   288,6      4,01321641683000
-21,99872188-47,89450333    832,2   6,8   276,1      4,01321641684000
-21,99871611-47,89457601    831,5   7,3   274,2      4,01321641685000
-21,99870731-47,89466884    831,7   8,4   273,0      4,01321641686000
-21,99870441-47,89476907    831,6   9,5   271,9      4,01321641687000
-21,99871236-47,89487492    830,9  10,2   269,8      4,01321641688000
-21,99870732-47,89498784    831,5  10,8   270,9      4,01321641689000
-21,99870338-47,89508752    829,7  10,5   271,1      4,01321641690000
-21,99870766-47,89519802    828,6  10,2   270,3      4,01321641691000
-21,99870719-47,89529970    827,7  10,4   270,5      4,01321641692000
-21,99870317-47,89540025    826,7  10,1   272,6      4,01321641693000
-21,99869892-47,89549591    826,7   9,9   271,3      4,01321641694000
-21,99869688-47,89558378    825,5   9,1   271,3      4,01321641695000
-21,99869290-47,89565520    823,8   7,7   271,8      4,01321641696000
-21,99868867-47,89570406    823,1   5,4   271,2      4,01321641697000
-21,99868012-47,89575511    821,9   4,8   276,9      4,01321641698000
-21,99866889-47,89575638    823,1   2,0   299,1      4,01321641699000
-21,99864731-47,89577297    823,3   2,3   312,6      4,01321641700000
-21,99861763-47,89578092    823,5   2,9   336,4      4,01321641701000
-21,99855474-47,89577501    821,8   5,1     0,7      4,01321641702000
-21,99850364-47,89577198    821,1   5,4     2,4      4,01321641703000
-21,99845479-47,89576031    821,1   5,4     8,0      4,01321641704000
-21,99841563-47,89576283    821,3   4,9     3,3      4,01321641705000
-21,99838748-47,89576321    821,3   4,0     1,6      4,01321641706000
-21,99836226-47,89576941    821,0   3,2   358,5      6,01321641707000
-21,99832337-47,89583226    819,5   2,7   342,5      6,01321641709000
-21,99829882-47,89583722    819,2   2,5   348,6      6,01321641710000
-21,99828948-47,89583535    818,6   1,7   350,7      6,01321641711000
-21,99829876-47,89582941    817,7   0,0   350,7      4,01321641712000
-21,99830068-47,89582930    817,7   0,3   350,7      4,01321641713000
-21,99830513-47,89583526    818,0   0,0   350,7      4,01321641714000
-21,99830537-47,89583610    817,9   0,0   350,7      4,01321641715000
-21,99830972-47,89583521    817,8   0,8   169,2      4,01321641716000
-21,99832207-47,89584052    817,7   0,8   192,4      4,01321641717000
-21,99832378-47,89583810    818,0   0,6   192,4      4,01321641718000
-21,99832790-47,89584242    817,7   0,4   192,4      6,01321641719000
-21,99833201-47,89583288    817,9   0,4   192,4      6,01321641720000
-21,99833034-47,89583590    818,0   0,0   192,4      6,01321641721000
-21,99833001-47,89583683    818,1   0,0   192,4      6,01321641722000
-21,99833127-47,89582872    818,0   0,0   192,4      8,01321641723000
-21,99832531-47,89582678    818,1   0,0   192,4      8,01321641724000
-21,99832560-47,89582753    817,9   0,0   192,4     12,01321641725000
-21,99832857-47,89582821    818,0   0,0   192,4     12,01321641726000
-21,99833049-47,89582761    817,9   0,0   192,4     12,01321641727000
-21,99833171-47,89582987    818,1   0,0   192,4     16,01321641728000
-21,99833269-47,89582964    818,0   0,0   192,4     12,01321641729000
-21,99833323-47,89582787    818,1   0,0   192,4     12,01321641730000
-21,99833411-47,89582805    818,1   0,0   192,4     12,01321641731000
-21,99833720-47,89582935    818,1   0,0   192,4     12,01321641732000
-21,99833787-47,89582961    818,1   0,0   192,4     12,01321641733000
-21,99833776-47,89582988    818,1   0,0   192,4     12,01321641734000
-21,99833778-47,89582989    818,1   0,0   192,4     12,01321641735000
-21,99833778-47,89582996    818,1   0,0   192,4     12,01321641736000
-21,99833780-47,89583002    818,1   0,0   192,4      8,01321641737000
-21,99833772-47,89583018    818,1   0,0   192,4      8,01321641738000
-21,99833752-47,89583062    818,1   0,0   192,4      8,01321641739000
-21,99833750-47,89583069    818,1   0,0   192,4      8,01321641740000
-21,99833755-47,89583056    818,1   0,0   192,4      8,01321641741000
-21,99833752-47,89583061    818,1   0,0   192,4      8,01321641742000
-21,99833754-47,89583061    818,1   0,0   192,4      8,01321641743000
-21,99833749-47,89583060    818,1   0,0   192,4      8,01321641744000
-21,99833739-47,89583077    818,1   0,0   192,4      8,01321641745000
-21,99833739-47,89583072    818,1   0,0   192,4      8,01321641746000
-21,99833734-47,89583081    818,1   0,0   192,4      8,01321641747000
-21,99833732-47,89583087    818,1   0,0   192,4      8,01321641748000
-21,99833729-47,89583095    818,1   0,0   192,4      8,01321641749000
-21,99833725-47,89583106    818,1   0,0   192,4      8,01321641750000
-21,99833725-47,89583116    818,1   0,0   192,4      8,01321641751000
-21,99833724-47,89583115    818,1   0,0   192,4      8,01321641752000
-21,99833719-47,89583121    818,1   0,0   192,4      8,01321641753000
-21,99833720-47,89583117    818,1   0,0   192,4      8,01321641754000
-21,99833719-47,89583115    818,1   0,0   192,4      8,01321641755000
-21,99833726-47,89583104    818,1   0,0   192,4      8,01321641756000
-21,99833722-47,89583112    818,1   0,0   192,4      8,01321641757000
-21,99833640-47,89583059    818,3   0,0   192,4      8,01321641758000
-21,99833640-47,89583059    818,3   0,0   192,4      8,01321641759000
-21,99833671-47,89583081    818,3   0,0   192,4      8,01321641760000
-21,99833639-47,89583044    818,2   0,0   192,4      6,01321641761000
-21,99833637-47,89583043    818,2   0,0   192,4      6,01321641762000
-21,99833639-47,89583043    818,2   0,0   192,4      6,01321641763000
-21,99833658-47,89583056    818,2   0,0   192,4      6,01321641764000
-21,99833647-47,89583123    818,2   0,0   192,4      6,01321641765000
-21,99833655-47,89583129    818,2   0,0   192,4      6,01321641766000
-21,99833655-47,89583130    818,2   0,0   192,4      6,01321641767000
-21,99833656-47,89583130    818,2   0,0   192,4      6,01321641768000
-21,99833668-47,89583126    818,1   0,0   192,4      4,01321641769000
-21,99833843-47,89583127    818,2   0,0   192,4      4,01321641770000
-21,99833843-47,89583127    818,2   0,0   192,4      6,01321641771000
-21,99833842-47,89583124    818,2   0,0   192,4      4,01321641772000
-21,99833860-47,89583116    818,3   0,0   192,4      4,01321641773000
-21,99833897-47,89583115    818,3   0,0   192,4      4,01321641774000
-21,99833923-47,89583113    818,3   0,0   192,4      4,01321641775000
-21,99833957-47,89583110    818,3   0,0   192,4      4,01321641776000
-21,99833964-47,89583107    818,3   0,0   192,4      4,01321641777000
-21,99833985-47,89583102    818,3   0,0   192,4      4,01321641778000
-21,99834006-47,89583097    818,4   0,0   192,4      4,01321641779000
-21,99834022-47,89583091    818,4   0,0   192,4      4,01321641780000
-21,99834063-47,89583084    818,4   0,0   192,4      4,01321641781000
-21,99834072-47,89583090    818,5   0,0   192,4      4,01321641782000
-21,99834075-47,89583090    818,5   0,0   192,4      4,01321641783000
-21,99834076-47,89583090    818,4   0,0   192,4      4,01321641784000
-21,99834078-47,89583081    818,5   0,0   192,4      4,01321641785000
-21,99834081-47,89583078    818,5   0,0   192,4      4,01321641786000
-21,99834083-47,89583078    818,5   0,0   192,4      4,01321641787000
-21,99834084-47,89583065    818,5   0,0   192,4      4,01321641788000
-21,99834085-47,89583058    818,5   0,0   192,4      4,01321641789000
-21,99834085-47,89583057    818,5   0,0   192,4      4,01321641790000
-21,99834088-47,89583056    818,5   0,0   192,4      4,01321641791000
-21,99834093-47,89583049    818,5   0,0   192,4      4,01321641792000
-21,99834094-47,89583045    818,5   0,0   192,4      4,01321641793000
-21,99834094-47,89583043    818,5   0,0   192,4      4,01321641794000
-21,99834096-47,89583038    818,5   0,0   192,4      4,01321641795000
-21,99834101-47,89583036    818,5   0,0   192,4      4,01321641796000
-21,99834104-47,89583034    818,5   0,0   192,4      4,01321641797000
-21,99834108-47,89583030    818,5   0,0   192,4      4,01321641798000
-21,99834111-47,89583032    818,6   0,0   192,4      4,01321641799000
-21,99834115-47,89583030    818,6   0,0   192,4      4,01321641800000
-21,99834116-47,89583033    818,6   0,0   192,4      4,01321641801000
-21,99834118-47,89583031    818,6   0,0   192,4      4,01321641802000
-21,99834122-47,89583030    818,6   0,0   192,4      4,01321641803000
-21,99834130-47,89583029    818,6   0,0   192,4      4,01321641804000
-21,99834136-47,89583026    818,6   0,0   192,4      4,01321641805000
-21,99834142-47,89583026    818,7   0,0   192,4      4,01321641806000
-21,99834145-47,89583024    818,7   0,0   192,4      4,01321641807000
-21,99834149-47,89583022    818,7   0,0   192,4      4,01321641808000
-21,99834153-47,89583021    818,7   0,0   192,4      4,01321641809000
-21,99834158-47,89583020    818,7   0,0   192,4      4,01321641810000
-21,99834161-47,89583016    818,7   0,0   192,4      4,01321641811000
-21,99834165-47,89583014    818,7   0,0   192,4      4,01321641812000
-21,99834171-47,89583012    818,7   0,0   192,4      4,01321641813000
-21,99834175-47,89583008    818,7   0,0   192,4      4,01321641814000
-21,99834179-47,89583002    818,7   0,0   192,4      4,01321641815000
-21,99834184-47,89583001    818,7   0,0   192,4      4,01321641816000
-21,99834191-47,89583000    818,7   0,0   192,4      4,01321641817000
-21,99834198-47,89583000    818,7   0,0   192,4      4,01321641818000
-21,99834203-47,89582998    818,8   0,0   192,4      4,01321641819000
-21,99834207-47,89583000    818,8   0,0   192,4      4,01321641820000
-21,99834206-47,89582998    818,8   0,0   192,4      4,01321641821000
-21,99834202-47,89582997    818,8   0,0   192,4      4,01321641822000
-21,99834203-47,89582997    818,8   0,0   192,4      4,01321641823000
-21,99834203-47,89582994    818,8   0,0   192,4      4,01321641824000
-21,99834205-47,89582994    818,8   0,0   192,4      4,01321641825000
-21,99834264-47,89582972    818,8   0,0   192,4      4,01321641826000
-21,99834086-47,89582526    819,1   0,0   192,4      4,01321641827000
-21,99834131-47,89582690    818,9   0,0   192,4      4,01321641828000
-21,99834421-47,89582779    819,1   0,0   192,4      4,01321641829000
-21,99834472-47,89583090    819,2   0,0   192,4      4,01321641830000
-21,99834978-47,89583284    818,9   0,0   192,4      4,01321641831000
-21,99835688-47,89583491    818,9   0,0   192,4      4,01321641832000
-21,99836082-47,89583475    818,9   0,0   192,4      4,01321641833000
-21,99836416-47,89583766    818,8   0,0   192,4      4,01321641834000
-21,99836585-47,89584095    818,8   0,0   192,4      4,01321641835000
-21,99837000-47,89584263    818,8   0,0   192,4      4,01321641836000
-21,99837079-47,89584285    818,8   0,0   192,4      4,01321641837000
-21,99837186-47,89584272    818,8   0,0   192,4      4,01321641838000
-21,99837188-47,89584263    818,8   0,0   192,4      4,01321641839000
-21,99837195-47,89584275    818,8   0,0   192,4      4,01321641840000
-21,99837203-47,89584273    818,8   0,0   192,4      4,01321641841000
-21,99837209-47,89584274    818,8   0,0   192,4      4,01321641842000
-21,99837235-47,89584947    819,3   1,1   267,7      4,01321641843000
-21,99837157-47,89586439    820,4   0,9   263,1      4,01321641844000
-21,99837323-47,89586141    819,9   0,0   263,1      4,01321641845000
-21,99837196-47,89586230    820,1   0,0   263,1      4,01321641846000
-21,99837177-47,89586320    820,1   0,0   263,1      4,01321641847000
-21,99837180-47,89586201    820,0   0,0   263,1      4,01321641848000
-21,99837125-47,89586509    820,2   0,0   263,1      4,01321641849000
-21,99837118-47,89586465    820,0   0,0   263,1      4,01321641850000
-21,99837164-47,89586316    819,9   0,0   263,1      4,01321641851000
-21,99837209-47,89586105    819,7   0,0   263,1      4,01321641852000
-21,99837262-47,89585736    819,5   0,0   263,1      4,01321641853000
-21,99837417-47,89585408    819,5   0,0   263,1      4,01321641854000
-21,99837436-47,89585334    819,5   0,0   263,1      4,01321641855000
-21,99837473-47,89585287    819,5   0,0   263,1      4,01321641856000
-21,99837478-47,89585254    819,5   0,0   263,1      4,01321641857000
-21,99837474-47,89585229    819,6   0,0   263,1      4,01321641858000
-21,99837471-47,89585224    819,6   0,0   263,1      4,01321641859000
-21,99837431-47,89585212    819,6   0,0   263,1      4,01321641860000
-21,99837431-47,89585206    819,6   0,0   263,1      4,01321641861000
-21,99837404-47,89585197    819,6   0,0   263,1      4,01321641862000
-21,99837386-47,89585190    819,7   0,0   263,1      4,01321641863000
-21,99837381-47,89585187    819,7   0,0   263,1      4,01321641864000
-21,99837304-47,89585101    819,4   0,0   263,1      4,01321641865000
-21,99837281-47,89585035    819,6   0,0   263,1      4,01321641866000
-21,99837440-47,89584921    819,8   0,0   263,1      4,01321641867000
-21,99837437-47,89584916    819,8   0,0   263,1      4,01321641868000
-21,99837436-47,89584916    819,8   0,0   263,1      4,01321641869000
-21,99837435-47,89584916    819,8   0,0   263,1      4,01321641870000
-21,99837436-47,89584916    819,8   0,0   263,1      4,01321641871000
-21,99837435-47,89584915    819,8   0,0   263,1      4,01321641872000
-21,99837435-47,89584915    819,8   0,0   263,1      4,01321641873000
-21,99837435-47,89584914    819,8   0,0   263,1      4,01321641874000
-21,99837436-47,89584913    819,8   0,0   263,1      4,01321641875000
-21,99837435-47,89584912    819,8   0,0   263,1      4,01321641876000
-21,99837436-47,89584912    819,8   0,0   263,1      4,01321641877000
-21,99837436-47,89584911    819,8   0,0   263,1      4,01321641878000
-21,99837436-47,89584911    819,8   0,0   263,1      4,01321641879000
-21,99837430-47,89584911    819,8   0,0   263,1      4,01321641880000
-21,99837427-47,89584911    819,8   0,0   263,1      4,01321641881000
-21,99837424-47,89584911    819,8   0,0   263,1      4,01321641882000
-21,99837424-47,89584911    819,8   0,0   263,1      4,01321641883000
-21,99837423-47,89584910    819,8   0,0   263,1      4,01321641884000
-21,99837424-47,89584909    819,8   0,0   263,1      4,01321641885000
-21,99837422-47,89584909    819,8   0,0   263,1      4,01321641886000
-21,99837417-47,89584910    819,8   0,0   263,1      4,01321641887000
-21,99837364-47,89584923    819,8   0,0   263,1      4,01321641888000
-21,99838118-47,89583963    819,6   0,0   263,1      4,01321641889000
-21,99837788-47,89583589    819,8   0,0   263,1      4,01321641890000
-21,99836889-47,89581988    820,0   0,0   263,1      4,01321641891000
-21,99836220-47,89581712    819,6   0,0   263,1      4,01321641892000
-21,99835306-47,89580664    819,7   0,0   263,1      4,01321641893000
-21,99834914-47,89579919    819,7   0,0   263,1      4,01321641894000
-21,99835036-47,89579920    819,6   0,0   263,1      4,01321641895000
-21,99835015-47,89579671    819,6   0,4   263,1      4,01321641896000
-21,99835774-47,89578303    818,5   0,0   263,1      4,01321641897000
-21,99835641-47,89578592    818,6   0,0   263,1      4,01321641898000
-21,99835534-47,89578364    818,2   0,0   263,1      4,01321641899000
-21,99835425-47,89579041    818,8   0,0   263,1      4,01321641900000
-21,99834981-47,89579161    819,1   0,0   263,1      4,01321641901000
-21,99834474-47,89578921    818,9   0,0   263,1      4,01321641902000
-21,99834515-47,89579196    819,2   0,0   263,1      4,01321641903000
-21,99834510-47,89579187    819,0   0,0   263,1      4,01321641904000
-21,99834511-47,89579207    818,9   0,0   263,1      4,01321641905000
-21,99834877-47,89578463    819,3   0,0   263,1      4,01321641906000
-21,99834742-47,89578355    819,6   0,0   263,1      4,01321641907000
-21,99834786-47,89578351    819,6   0,0   263,1      4,01321641908000
-21,99834783-47,89578596    820,0   0,0   263,1      4,01321641909000
-21,99834791-47,89578595    820,0   0,0   263,1      4,01321641910000
-21,99834794-47,89578592    820,1   0,0   263,1      4,01321641911000
-21,99834802-47,89578626    820,1   0,0   263,1      4,01321641912000
-21,99834802-47,89578628    820,1   0,0   263,1      4,01321641913000
-21,99834675-47,89578541    820,1   0,2   263,1      4,01321641914000
-21,99833590-47,89578529    819,8   0,7    25,1      4,01321641915000
-21,99829961-47,89579560    819,9   2,1     8,8      4,01321641916000
-21,99826921-47,89579325    819,6   2,5     7,8      4,01321641917000
-21,99823193-47,89579810    819,5   3,0     4,1      4,01321641918000
-21,99813714-47,89576184    818,7   5,9    11,0      4,01321641919000
-21,99809539-47,89574492    818,4   4,7    16,3      4,01321641920000
-21,99807090-47,89572447    817,9   3,8    37,1      4,01321641921000
-21,99803841-47,89570528    817,4   3,8    38,2      4,01321641922000
-21,99801821-47,89566905    817,3   3,9    51,5      4,01321641923000
-21,99803733-47,89557891    819,2   6,3    87,6      4,01321641924000
-21,99803800-47,89550894    820,2   7,1    90,5      4,01321641925000
-21,99804355-47,89543417    820,2   8,2    91,3      4,01321641926000
-21,99804374-47,89534723    822,0   8,9    92,1      4,01321641927000
-21,99804576-47,89525963    822,7   8,9    91,8      4,01321641928000
-21,99805173-47,89516580    823,6   9,0    94,3      4,01321641929000
-21,99805488-47,89507293    823,8   9,4    91,9      4,01321641930000
-21,99805860-47,89497663    823,2   9,7    93,0      4,01321641931000
-21,99806665-47,89488121    822,4   9,9    95,7      4,01321641932000
-21,99807144-47,89478407    822,6  10,1    93,7      4,01321641933000
-21,99807387-47,89468046    823,1  10,6    93,0      4,01321641934000
-21,99807558-47,89457566    823,8  10,7    91,4      4,01321641935000
-21,99807983-47,89447385    824,6  10,5    91,7      4,01321641936000
-21,99808186-47,89437139    825,0  10,5    90,6      4,01321641937000
-21,99808356-47,89427695    825,3   9,9    92,2      4,01321641938000
-21,99808357-47,89417968    825,9  10,2    91,0      4,01321641939000
-21,99808626-47,89407696    827,7  10,5    89,9      4,01321641940000
-21,99809184-47,89397482    828,1  10,4    93,4      4,01321641941000
-21,99809586-47,89387446    829,0  10,4    93,2      4,01321641942000
-21,99810339-47,89377746    830,1  10,2    93,9      4,01321641943000
-21,99810992-47,89367737    831,1  10,1    93,3      4,01321641944000
-21,99811877-47,89358157    831,9  10,0    93,6      4,01321641945000
-21,99811715-47,89348304    833,7  10,0    91,8      4,01321641946000
-21,99812047-47,89338565    833,9  10,0    91,0      4,01321641947000
-21,99812414-47,89329306    834,3  10,0    91,6      4,01321641948000
-21,99813514-47,89320320    834,7   9,6    91,6      4,01321641949000
-21,99814002-47,89311309    834,9   9,3    92,0      4,01321641950000
-21,99814628-47,89304422    835,1   8,1    92,9      4,01321641951000
-21,99814745-47,89298998    835,2   6,6    92,5      4,01321641952000
-21,99815894-47,89299021    836,2   3,0   106,6      4,01321641953000
-21,99815999-47,89297703    837,7   1,9   117,9      4,01321641954000
-21,99817849-47,89295391    837,6   2,9   140,3      4,01321641955000
-21,99819954-47,89293350    838,6   3,2   148,8      4,01321641956000
-21,99823252-47,89292279    838,7   3,6   161,2      4,01321641957000
-21,99827853-47,89293154    838,8   4,3   178,5      4,01321641958000
-21,99833523-47,89293126    838,8   5,3   177,9      4,01321641959000
-21,99843683-47,89293508    840,3   8,1   179,9      4,01321641960000
-21,99850398-47,89293903    840,6   7,7   182,0      4,01321641961000
-21,99857111-47,89295095    840,3   7,3   184,9      4,01321641962000
-21,99864361-47,89297522    840,6   7,9   192,7      4,01321641963000
-21,99874749-47,89296799    840,0   9,5   182,3      4,01321641964000
-21,99883971-47,89296034    839,9   9,6   180,5      4,01321641965000
-21,99892090-47,89296004    839,8   9,4   181,2      4,01321641966000
-21,99900673-47,89295961    839,2   9,3   182,2      4,01321641967000
-21,99908782-47,89295902    838,9   9,0   182,6      4,01321641968000
-21,99916346-47,89295769    839,1   8,4   181,8      4,01321641969000
-21,99921998-47,89296375    840,0   6,5   183,8      4,01321641970000
-21,99925763-47,89296812    840,2   4,2   182,7      4,01321641971000
-21,99927401-47,89296317    840,3   1,7   182,9      4,01321641972000
-21,99927852-47,89295851    840,5   0,3   182,9      4,01321641973000
-21,99928182-47,89295143    840,7   0,0   182,9      4,01321641974000
-21,99928610-47,89294528    841,0   0,0   182,9      4,01321641975000
-21,99928739-47,89294397    841,0   0,0   182,9      4,01321641976000
-21,99928787-47,89294218    841,1   0,0   182,9      4,01321641977000
-21,99928721-47,89294277    841,3   0,0   182,9      4,01321641978000
-21,99928812-47,89294272    841,4   0,0   182,9      4,01321641979000
-21,99928817-47,89294175    841,6   0,0   182,9      4,01321641980000
-21,99928817-47,89294207    841,7   0,0   182,9      4,01321641981000
-21,99928885-47,89294203    841,7   0,0   182,9      4,01321641982000
-21,99928907-47,89294338    841,8   0,0   182,9      4,01321641983000
-21,99929024-47,89294357    841,8   0,0   182,9      4,01321641984000
-21,99929086-47,89294398    841,9   0,0   182,9      4,01321641985000
-21,99929082-47,89294384    841,9   0,0   182,9      4,01321641986000
-21,99929091-47,89294389    841,9   0,0   182,9      4,01321641987000
-21,99929090-47,89294406    841,9   0,0   182,9      4,01321641988000
-21,99929291-47,89294406    841,9   0,3   182,9      4,01321641989000
-21,99930395-47,89294451    842,3   0,8   186,0      4,01321641990000
-21,99933382-47,89294120    842,2   1,8   181,2      4,01321641991000
-21,99934996-47,89294146    842,9   1,5   177,0      4,01321641992000
-21,99935730-47,89294061    843,2   1,0   180,2      4,01321641993000
-21,99936023-47,89294560    842,3   0,3   180,2      4,01321641994000
-21,99936068-47,89294937    842,7   0,5   180,2      4,01321641995000
-21,99936530-47,89295033    843,0   0,6   180,2      4,01321641996000
-21,99937664-47,89294798    843,0   0,8   163,6      4,01321641997000
-21,99940394-47,89290916    840,9   3,1   130,2      4,01321641998000
-21,99941627-47,89288166    839,8   3,2   124,8      4,01321641999000
-21,99942670-47,89284580    839,3   3,5   113,8      4,01321642000000
-21,99941956-47,89276674    840,1   5,8    92,2      4,01321642001000
-21,99942271-47,89270726    839,9   6,1    93,1      4,01321642002000
-21,99942325-47,89264116    840,0   6,6    90,9      4,01321642003000
-21,99942887-47,89254965    841,0   8,4    91,8      4,01321642004000
-21,99943104-47,89246701    841,4   8,3    92,2      4,01321642005000
-21,99943819-47,89238811    841,4   8,5    92,9      4,01321642006000
-21,99943959-47,89230063    842,2   8,8    91,2      4,01321642007000
-21,99944566-47,89221334    841,9   8,8    91,3      4,01321642008000
-21,99944787-47,89213091    841,8   8,7    90,6      4,01321642009000
-21,99944812-47,89204872    841,6   8,6    90,8      4,01321642010000
-21,99943747-47,89195405    841,5   9,1    88,2      4,01321642011000
-21,99943981-47,89186697    841,5   9,1    89,8      4,01321642012000
-21,99943512-47,89177407    841,9   9,1    89,1      4,01321642013000
-21,99943358-47,89169822    842,1   8,7    90,3      4,01321642014000
-21,99944606-47,89161171    843,0   8,1    90,8      4,01321642015000
-21,99944127-47,89155095    844,3   7,0    87,6      4,01321642016000
-21,99943982-47,89148193    843,9   6,8    84,3      4,01321642017000
-21,99943906-47,89142379    844,1   6,1    86,9      4,01321642018000
-21,99943294-47,89138620    844,4   4,3    82,2      4,01321642019000
-21,99942733-47,89135378    843,9   3,1    80,7      4,01321642020000
-21,99941902-47,89134141    843,6   1,6    62,5      4,01321642021000
-21,99942424-47,89133519    843,6   0,8    82,0      4,01321642022000
-21,99942352-47,89132833    844,1   0,0    82,0      4,01321642023000
-21,99942376-47,89132544    844,0   0,0    82,0      4,01321642024000
-21,99942306-47,89132269    844,1   0,0    82,0      4,01321642025000
-21,99942242-47,89132112    844,1   0,0    82,0      4,01321642026000
-21,99942138-47,89131998    844,0   0,0    82,0      4,01321642027000
-21,99942278-47,89131991    844,0   0,0    82,0      4,01321642028000
-21,99942288-47,89132015    844,1   0,0    82,0      4,01321642029000
-21,99942394-47,89132114    844,0   0,0    82,0      4,01321642030000
-21,99942382-47,89132098    844,1   0,0    82,0      4,01321642031000
-21,99942430-47,89132087    844,2   0,0    82,0      4,01321642032000
-21,99942519-47,89132106    844,2   0,0    82,0      4,01321642033000
-21,99942542-47,89132189    844,2   0,0    82,0      4,01321642034000
-21,99942574-47,89132218    844,2   0,0    82,0      4,01321642035000
-21,99942586-47,89132226    844,3   0,0    82,0      4,01321642036000
-21,99942595-47,89132231    844,3   0,0    82,0      4,01321642037000
-21,99942595-47,89132230    844,3   0,0    82,0      4,01321642038000
-21,99942617-47,89132229    844,3   0,0    82,0      4,01321642039000
-21,99942617-47,89132231    844,3   0,0    82,0      4,01321642040000
-21,99942617-47,89132231    844,3   0,0    82,0      4,01321642041000
-21,99942617-47,89132231    844,3   0,0    82,0      4,01321642042000
-21,99942617-47,89132231    844,3   0,0    82,0      4,01321642043000
-21,99942617-47,89132231    844,3   0,0    82,0      4,01321642044000
-21,99942617-47,89132231    844,3   0,0    82,0      4,01321642045000
-21,99942617-47,89132231    844,3   0,0    82,0      4,01321642046000
-21,99942619-47,89132230    844,3   0,0    82,0      4,01321642047000
-21,99942620-47,89132231    844,3   0,0    82,0      4,01321642048000
-21,99942618-47,89132231    844,3   0,0    82,0      4,01321642049000
-21,99942617-47,89132231    844,3   0,0    82,0      4,01321642050000
-21,99942614-47,89132235    844,3   0,0    82,0      4,01321642051000
-21,99942614-47,89132235    844,3   0,0    82,0      4,01321642052000
-21,99942614-47,89132234    844,3   0,0    82,0      4,01321642053000
-21,99942614-47,89132234    844,3   0,0    82,0      4,01321642054000
-21,99942614-47,89132234    844,3   0,0    82,0      4,01321642055000
-21,99942613-47,89132234    844,3   0,0    82,0      4,01321642056000
-21,99942614-47,89132235    844,3   0,0    82,0      4,01321642057000
-21,99942613-47,89132235    844,3   0,0    82,0      4,01321642058000
-21,99942616-47,89132231    844,3   0,0    82,0      4,01321642059000
-21,99942615-47,89132231    844,3   0,0    82,0      4,01321642060000
-21,99942614-47,89132235    844,3   0,0    82,0      4,01321642061000
-21,99942612-47,89132234    844,4   0,0    82,0      4,01321642062000
-21,99942613-47,89132235    844,3   0,0    82,0      4,01321642063000
-21,99942611-47,89132232    844,4   0,0    82,0      4,01321642064000
-21,99942607-47,89132232    844,4   0,0    82,0      4,01321642065000
-21,99942608-47,89132233    844,4   0,0    82,0      4,01321642066000
-21,99942606-47,89132236    844,4   0,0    82,0      4,01321642067000
-21,99942606-47,89132235    844,4   0,0    82,0      4,01321642068000
-21,99942605-47,89132236    844,4   0,0    82,0      4,01321642069000
-21,99942607-47,89132237    844,3   0,0    82,0      4,01321642070000
-21,99942605-47,89132237    844,4   0,0    82,0      4,01321642071000
-21,99942605-47,89132238    844,3   0,0    82,0      4,01321642072000
-21,99942422-47,89131643    844,6   1,0    71,7      4,01321642073000
-21,99942205-47,89130279    844,7   1,2    73,8      4,01321642074000
-21,99941788-47,89128072    845,3   1,7    71,5      4,01321642075000
-21,99941134-47,89125260    845,9   2,2    68,9      4,01321642076000
-21,99938392-47,89121489    846,3   3,1    59,6      4,01321642077000
-21,99934174-47,89118685    845,6   3,7    46,6      4,01321642078000
-21,99930902-47,89115568    845,1   4,1    42,8      4,01321642079000
-21,99924599-47,89112217    845,3   5,1    35,9      4,01321642080000
-21,99913756-47,89109917    846,3   7,1    22,0      4,01321642081000
-21,99901530-47,89112412    847,3   9,9   359,1      4,01321642082000
-21,99891749-47,89112029    847,0  10,0   358,4      4,01321642083000
-21,99880969-47,89111729    845,8  10,9   358,8      4,01321642084000
-21,99870153-47,89112445    846,5  11,6   357,6      4,01321642085000
-21,99859353-47,89111808    846,3  11,9   358,8      4,01321642086000
-21,99849767-47,89112556    846,1  11,0   357,8      4,01321642087000
-21,99839671-47,89113063    845,9  10,9   357,8      4,01321642088000
-21,99830608-47,89114147    844,4  10,6   354,7      4,01321642089000
-21,99820718-47,89115438    844,2  10,4   353,2      4,01321642090000
-21,99811361-47,89116053    844,0  10,2   353,9      4,01321642091000
-21,99802371-47,89117223    843,5   9,5   352,1      4,01321642092000
-21,99793040-47,89117125    843,2   9,9   355,2      4,01321642093000
-21,99782966-47,89117006    842,8  10,1   357,1      4,01321642094000
-21,99774118-47,89117303    842,7   9,6   358,3      4,01321642095000
-21,99765739-47,89115787    842,0   8,5     1,1      4,01321642096000
-21,99758379-47,89115228    843,0   7,6     1,2      4,01321642097000
-21,99752648-47,89114576    843,1   6,5     0,3      4,01321642098000
-21,99748869-47,89114996    843,4   4,4   356,9      4,01321642099000
-21,99747102-47,89114582    843,7   2,8   359,5      4,01321642100000
-21,99746482-47,89114492    843,8   1,5     0,5      4,01321642101000
-21,99747970-47,89114741    844,3   0,1     0,5      4,01321642102000
-21,99747853-47,89115145    844,6   0,1     0,5      4,01321642103000
-21,99747269-47,89114878    844,5   0,3     0,5      4,01321642104000
-21,99745585-47,89114573    844,0   1,0     7,0      4,01321642105000
-21,99742855-47,89113581    843,6   1,9    10,1      4,01321642106000
-21,99739172-47,89112406    843,7   2,7    12,0      4,01321642107000
-21,99732523-47,89112704    844,2   4,3     3,9      4,01321642108000
-21,99725962-47,89112129    844,1   5,3     4,5      4,01321642109000
-21,99717670-47,89110459    845,2   7,3     9,5      4,01321642110000
-21,99710703-47,89108171    845,1   7,3    11,4      4,01321642111000
-21,99703678-47,89107583    846,0   7,3    12,1      4,01321642112000
-21,99696823-47,89105737    845,9   7,4    14,4      4,01321642113000
-21,99689750-47,89103515    846,2   7,7    16,0      4,01321642114000
-21,99682892-47,89099773    846,1   7,8    19,0      4,01321642115000
-21,99677234-47,89096865    846,3   7,3    20,0      4,01321642116000
-21,99671592-47,89094895    846,6   6,7    18,8      4,01321642117000
-21,99666280-47,89093931    847,5   5,6    15,9      6,01321642118000
-21,99663756-47,89093500    847,3   4,2    16,6      6,01321642119000
-21,99663110-47,89092212    847,3   2,8    22,4      6,01321642120000
-21,99661740-47,89090855    847,4   2,3    26,3      6,01321642121000
-21,99662352-47,89092593    847,2   0,7    26,3      4,01321642122000
-21,99661655-47,89092780    846,8   0,6    26,3      4,01321642123000
-21,99661034-47,89092356    846,6   0,5    26,3      4,01321642124000
-21,99661079-47,89091927    846,7   0,4    26,3      4,01321642125000
-21,99661311-47,89091711    847,0   0,0    26,3      4,01321642126000
-21,99661068-47,89091460    847,1   0,6    26,3      4,01321642127000
-21,99659735-47,89091749    846,7   0,6    26,3      4,01321642128000
-21,99659120-47,89091440    845,8   0,6    26,3      4,01321642129000
-21,99658746-47,89091195    846,0   0,5    26,3      4,01321642130000
-21,99658219-47,89091185    845,9   0,5    26,3      4,01321642131000
-21,99658411-47,89090386    846,1   0,5    26,3      4,01321642132000
-21,99658215-47,89089817    846,5   0,7    26,3      4,01321642133000
-21,99658273-47,89089743    846,3   0,4    26,3      4,01321642134000
-21,99658637-47,89089055    846,1   0,0    26,3      4,01321642135000
-21,99658405-47,89089280    845,9   0,0    26,3      4,01321642136000
-21,99658481-47,89089424    845,9   0,0    26,3      4,01321642137000
-21,99658579-47,89089397    846,0   0,0    26,3      4,01321642138000
-21,99658555-47,89089397    845,7   0,0    26,3      4,01321642139000
-21,99658433-47,89089313    845,4   0,0    26,3      4,01321642140000
-21,99658291-47,89089066    845,5   0,5    26,3      4,01321642141000
-21,99658320-47,89088961    845,8   0,3    26,3      4,01321642142000
-21,99658234-47,89088695    845,6   0,0    26,3      4,01321642143000
-21,99658161-47,89088557    845,6   0,2    26,3      4,01321642144000
-21,99658175-47,89088046    845,7   0,3    26,3      4,01321642145000
-21,99658251-47,89087821    845,0   0,3    26,3      4,01321642146000
-21,99657892-47,89086870    844,8   0,5    26,3      4,01321642147000
-21,99657133-47,89086857    844,9   0,6    26,3      4,01321642148000
-21,99655314-47,89086434    846,4   1,1    36,9      4,01321642149000
-21,99654499-47,89085987    846,5   1,0    35,7      4,01321642150000
-21,99653592-47,89086182    846,1   0,0    35,7      4,01321642151000
-21,99653635-47,89086301    846,1   0,0    35,7      4,01321642152000
-21,99653872-47,89086228    846,1   0,0    35,7      4,01321642153000
-21,99653955-47,89086094    846,1   0,0    35,7      4,01321642154000
-21,99653856-47,89086113    845,9   0,0    35,7      4,01321642155000
-21,99653698-47,89086051    846,0   0,3    35,7      4,01321642156000
-21,99653150-47,89085591    845,8   0,3    35,7      4,01321642157000
-21,99653099-47,89084771    845,6   0,0    35,7      4,01321642158000
-21,99653365-47,89084545    845,6   0,0    35,7      4,01321642159000
-21,99653357-47,89084303    845,5   0,0    35,7      4,01321642160000
-21,99653586-47,89083864    845,4   0,0    35,7      4,01321642161000
-21,99653628-47,89083793    845,4   0,0    35,7      4,01321642162000
-21,99653885-47,89083793    845,5   0,0    35,7      4,01321642163000
-21,99654025-47,89083922    845,6   0,0    35,7      4,01321642164000
-21,99654000-47,89083950    845,6   0,0    35,7      4,01321642165000
-21,99654112-47,89084215    845,9   0,0    35,7      4,01321642166000
-21,99654220-47,89084470    846,2   0,0    35,7      4,01321642167000
