    latitude   longitude altitude speed bearing accuracy    timestamp
-22,96823959-47,00944446    686,4   0,1   302,1     48,01322431680000
-22,96822874-47,00944864    686,6   0,1   344,4     32,01322431681000
-22,96824398-47,00942354    687,0   0,3   137,7     24,01322431682000
-22,96823568-47,00943326    684,5   0,6   132,7     24,01322431683000
-22,96823944-47,00942886    684,5   0,6   132,7     24,01322431684000
-22,96825822-47,00939311    686,1   0,0   135,4     16,01322431685000
-22,96826938-47,00938882    686,0   0,0   135,4     16,01322431686000
-22,96826400-47,00939739    685,1   0,0   135,4     16,01322431687000
-22,96826400-47,00939739    685,1   0,0   135,4     16,01322431688000
-22,96827583-47,00938961    685,1   1,3   148,6     16,01322431689000
-22,96829444-47,00938110    687,7   1,2   151,3     12,01322431690000
-22,96835818-47,00936595    686,4   2,0   148,3      8,01322431692000
-22,96836212-47,00935715    687,1   1,2   144,0      8,01322431693000
-22,96835582-47,00933865    688,8   0,6   144,0      6,01322431694000
-22,96836091-47,00933446    689,0   0,7   144,0      8,01322431695000
-22,96836262-47,00932945    688,9   0,7   144,0      8,01322431696000
-22,96837925-47,00931354    688,8   1,4   146,8      6,01322431697000
-22,96839233-47,00930550    688,8   1,4   147,6      6,01322431698000
-22,96839725-47,00930268    688,7   1,0   158,2      6,01322431699000
-22,96840129-47,00930008    688,6   0,4   158,2      6,01322431701000
-22,96841290-47,00929850    688,1   0,6   158,2      6,01322431702000
-22,96843055-47,00928722    687,4   1,4   145,5      6,01322431703000
-22,96843779-47,00928244    687,7   1,2   161,9      6,01322431704000
-22,96846191-47,00927170    688,2   1,2   158,4      6,01322431706000
-22,96847261-47,00926985    688,1   1,1   161,2      8,01322431707000
-22,96848572-47,00926962    688,5   1,1   163,2      8,01322431708000
-22,96849944-47,00925899    688,7   1,3   156,2      8,01322431709000
-22,96852076-47,00924640    689,0   1,6   153,3     12,01322431710000
-22,96853630-47,00925022    688,2   1,7   158,7      8,01322431711000
-22,96855329-47,00924839    687,9   1,6   162,0     12,01322431712000
-22,96856777-47,00924331    688,0   1,6   162,0     12,01322431713000
-22,96855593-47,00922775    689,4   0,0   153,5     12,01322431714000
-22,96853642-47,00922456    689,5   0,0   153,5      8,01322431715000
-22,96853687-47,00922405    689,5   0,3   153,5      8,01322431716000
-22,96855146-47,00920741    689,2   0,8   144,9      8,01322431717000
-22,96855747-47,00920285    689,4   0,8   144,9     12,01322431718000
-22,96858801-47,00919441    689,4   1,2   151,5     12,01322431719000
-22,96860191-47,00918998    689,6   0,7   134,1      6,01322431720000
-22,96860705-47,00918719    689,8   0,7   134,5      6,01322431721000
-22,96861364-47,00917872    689,6   0,8   137,2      6,01322431722000
-22,96861872-47,00917111    689,2   0,8   137,9      6,01322431723000
-22,96862939-47,00916944    688,4   1,1   154,7      6,01322431724000
-22,96864069-47,00916743    689,2   1,2   158,8      6,01322431725000
-22,96865093-47,00916313    689,4   1,2   158,8      6,01322431726000
-22,96866114-47,00915641    689,8   1,2   156,1      6,01322431727000
-22,96866980-47,00913943    690,6   1,1   148,9      8,01322431728000
-22,96870781-47,00912090    689,8   2,2   150,3      6,01322431729000
-22,96872534-47,00911010    689,5   2,2   150,3      8,01322431730000
-22,96871409-47,00910346    689,5   0,3   152,3      6,01322431731000
-22,96872335-47,00909626    689,4   1,1   143,0      6,01322431732000
-22,96873378-47,00908879    689,7   1,2   143,1      6,01322431733000
-22,96875150-47,00908434    688,3   2,0   149,1      6,01322431734000
-22,96876680-47,00907840    687,8   1,8   149,9      6,01322431735000
-22,96878150-47,00906920    687,2   1,8   149,9      8,01322431736000
-22,96879312-47,00906561    686,6   1,6   149,5      8,01322431737000
-22,96880377-47,00905658    687,3   1,8   152,6      6,01322431738000
-22,96880015-47,00905116    687,8   1,7   151,7      6,01322431739000
-22,96881383-47,00904321    687,8   1,7   151,7      8,01322431740000
-22,96882339-47,00903735    687,7   1,6   153,1      6,01322431741000
-22,96883311-47,00903575    687,9   1,3   155,6      8,01322431742000
-22,96885544-47,00904013    687,8   1,3   168,1      8,01322431743000
-22,96885013-47,00904435    688,3   0,0   168,1      8,01322431744000
-22,96885530-47,00904413    688,5   0,0   168,1      8,01322431745000
-22,96885477-47,00904089    688,4   0,0   168,1     12,01322431746000
-22,96885993-47,00903936    688,5   0,9   164,6     12,01322431747000
-22,96886685-47,00903555    688,6   1,0   162,8     12,01322431748000
-22,96888280-47,00902769    689,4   1,2   155,5      8,01322431749000
-22,96889416-47,00902316    689,7   1,2   155,7      8,01322431750000
-22,96891063-47,00901852    690,0   1,4   154,3      8,01322431751000
-22,96892226-47,00901356    690,6   1,4   152,0      6,01322431752000
-22,96893824-47,00900837    690,3   1,3   152,2      8,01322431753000
-22,96895584-47,00899424    690,2   1,4   151,5      6,01322431754000
-22,96896726-47,00898617    690,1   1,4   150,7      8,01322431755000
-22,96898004-47,00897957    690,2   1,4   152,5      8,01322431756000
-22,96899172-47,00897338    690,1   1,3   147,8      8,01322431757000
-22,96899895-47,00896334    690,3   1,3   144,7      8,01322431758000
-22,96901452-47,00895417    690,6   1,3   148,2      8,01322431759000
-22,96902494-47,00895519    690,9   1,2   152,4     12,01322431760000
-22,96903531-47,00894931    690,9   1,2   152,3     12,01322431761000
-22,96904688-47,00894497    691,3   1,2   153,1     12,01322431762000
-22,96906878-47,00892910    691,2   1,5   150,2     12,01322431763000
-22,96907748-47,00891724    692,1   1,4   145,6     12,01322431764000
-22,96908048-47,00889625    692,1   1,4   135,8     12,01322431765000
-22,96908117-47,00887810    692,5   1,4   131,3     12,01322431766000
-22,96909233-47,00888372    692,2   1,3   139,5     12,01322431767000
-22,96909068-47,00887394    692,7   1,0   146,4      8,01322431768000
-22,96910925-47,00888000    694,6   1,1   148,5     12,01322431769000
-22,96912312-47,00889422    694,4   1,1   152,6      8,01322431771000
-22,96913289-47,00888670    694,7   1,1   150,3      8,01322431772000
-22,96914210-47,00888783    694,8   1,0   154,4     12,01322431773000
-22,96915076-47,00888334    694,9   1,0   154,4     12,01322431774000
-22,96916020-47,00889316    695,1   1,0   162,8     12,01322431775000
-22,96915089-47,00888080    695,7   0,0   162,8     12,01322431776000
-22,96915951-47,00888532    695,1   0,0   162,8     12,01322431778000
-22,96916556-47,00888092    695,0   1,3   146,1     12,01322431779000
-22,96918201-47,00887412    695,0   1,5   142,5     12,01322431780000
-22,96919387-47,00885977    695,3   1,5   143,2     12,01322431781000
-22,96920688-47,00884799    695,3   1,4   144,3     12,01322431782000
-22,96921876-47,00884721    694,1   1,3   148,0     12,01322431783000
-22,96922947-47,00883999    694,1   1,3   148,0     12,01322431784000
-22,96924364-47,00883450    694,0   1,4   150,8     12,01322431785000
-22,96924406-47,00884901    694,3   0,0   150,8     12,01322431786000
-22,96924507-47,00884730    694,5   0,0   150,8     12,01322431787000
-22,96925139-47,00884585    694,5   0,0   150,8     12,01322431788000
-22,96925306-47,00884806    694,3   0,0   150,8     12,01322431789000
-22,96925405-47,00884629    694,1   0,0   150,8     12,01322431790000
-22,96925677-47,00884447    694,2   0,0   150,8     12,01322431791000
-22,96926344-47,00884062    694,3   1,3   151,9     12,01322431792000
-22,96927694-47,00881838    694,7   1,4   152,9      8,01322431793000
-22,96930210-47,00879925    695,6   1,5   151,9     12,01322431794000
-22,96932118-47,00878879    695,6   1,5   151,5     12,01322431795000
-22,96932565-47,00878654    697,0   1,1   148,9      8,01322431796000
-22,96933729-47,00878079    697,3   1,1   149,0      8,01322431797000
-22,96934983-47,00877500    697,4   1,2   148,8      8,01322431798000
-22,96936251-47,00876287    697,5   1,2   147,5      8,01322431799000
-22,96936993-47,00874316    697,2   1,3   143,5     12,01322431800000
-22,96937003-47,00873877    697,2   1,0   137,2      8,01322431801000
-22,96937717-47,00873162    697,3   1,0   137,2     12,01322431802000
-22,96939490-47,00872155    696,0   0,8   137,5     12,01322431804000
-22,96939219-47,00873091    696,9   0,6   137,5     12,01322431805000
-22,96942730-47,00872428    697,2   1,0   156,2     12,01322431807000
-22,96945508-47,00870475    697,2   1,3   152,2     16,01322431809000
-22,96948718-47,00868730    696,1   1,5   146,9     12,01322431810000
-22,96950977-47,00867883    695,7   1,6   151,6     12,01322431811000
-22,96950936-47,00866697    697,7   1,0   143,4     12,01322431812000
-22,96953003-47,00865269    697,5   1,1   147,2     12,01322431813000
-22,96956362-47,00864043    697,8   1,3   153,6     12,01322431815000
-22,96957277-47,00863816    697,5   1,2   153,0      8,01322431816000
-22,96958136-47,00862448    698,1   1,3   144,6      8,01322431817000
-22,96959993-47,00861256    697,8   1,6   148,0     12,01322431818000
-22,96962127-47,00860609    696,3   1,7   152,0     12,01322431819000
-22,96960629-47,00859126    695,4   1,3   137,1     12,01322431820000
-22,96961498-47,00858255    695,3   1,3   137,1     12,01322431821000
-22,96964251-47,00858761    694,3   1,5   151,9     12,01322431822000
-22,96965540-47,00859202    694,0   1,1   158,0      8,01322431824000
-22,96966228-47,00857974    694,2   1,1   154,9      8,01322431825000
-22,96966787-47,00856101    694,2   1,1   147,8     12,01322431826000
-22,96968769-47,00856568    693,5   1,6   161,6      8,01322431827000
-22,96970591-47,00855925    692,3   2,0   148,1      8,01322431828000
-22,96972550-47,00855012    693,4   2,0   148,4      8,01322431829000
-22,96974104-47,00853979    693,4   2,0   148,4     12,01322431830000
-22,96975211-47,00853154    694,3   1,8   146,2     12,01322431831000
-22,96975139-47,00852615    695,8   1,1   125,2      8,01322431832000
-22,96975741-47,00851693    695,8   1,1   125,2     12,01322431833000
-22,96976523-47,00850764    695,9   1,2   130,2     12,01322431834000
-22,96979310-47,00849401    695,2   2,0   150,3      8,01322431835000
-22,96980486-47,00848611    695,6   1,9   149,7      8,01322431836000
-22,96982028-47,00847637    695,5   1,9   149,7     12,01322431837000
-22,96983307-47,00847557    695,7   1,6   159,2      8,01322431838000
-22,96986082-47,00846232    696,1   1,5   159,3      6,01322431840000
-22,96987418-47,00845686    696,1   1,5   159,3      8,01322431841000
-22,96988393-47,00845371    696,4   1,4   158,6      8,01322431842000
-22,96989813-47,00843955    694,9   1,8   151,0      8,01322431843000
-22,96992584-47,00843023    695,7   1,7   154,6      8,01322431845000
-22,96993987-47,00842844    695,9   1,6   160,0      8,01322431846000
-22,96995008-47,00842871    696,1   1,5   161,9     12,01322431847000
-22,96997112-47,00842332    696,3   1,3   165,2     12,01322431849000
-22,97000138-47,00845050    698,4   1,9   184,8     12,01322431850000
-22,97001855-47,00845206    698,6   1,9   184,8     16,01322431851000
-22,97004022-47,00848171    698,7   2,0   195,7     16,01322431852000
-22,97004702-47,00847396    699,2   1,8   191,8     16,01322431853000
-22,97005227-47,00848796    699,5   1,8   203,1     24,01322431854000
-22,97005825-47,00850233    699,4   1,8   214,0     24,01322431855000
-22,97007337-47,00851859    699,1   1,9   218,2     24,01322431856000
-22,97009085-47,00854382    699,1   2,1   221,4     32,01322431857000
-22,97010541-47,00855768    699,1   2,1   221,4     32,01322431858000
-22,97011061-47,00859633    699,1   2,4   230,4     32,01322431859000
-22,97011385-47,00863293    698,9   2,5   237,6     24,01322431860000
-22,97012876-47,00865680    698,4   2,5   240,7     24,01322431861000
-22,97015621-47,00867706    699,3   2,6   237,8     24,01322431862000
-22,97016843-47,00870522    699,3   2,7   238,9     24,01322431863000
-22,97016335-47,00871322    699,5   2,4   241,6     24,01322431864000
-22,97018355-47,00874298    699,3   2,3   242,4     24,01322431865000
-22,97020213-47,00876893    699,3   2,5   240,6     24,01322431866000
-22,97021667-47,00878440    699,4   2,3   240,9     24,01322431867000
-22,97022708-47,00880467    699,4   2,3   240,9     24,01322431868000
-22,97024231-47,00882699    699,9   2,4   242,6     24,01322431869000
-22,97024080-47,00884740    700,2   2,2   245,2     16,01322431870000
-22,97025271-47,00886879    700,3   2,1   239,8     12,01322431871000
-22,97024387-47,00888946    700,1   1,9   240,7     12,01322431872000
-22,97024570-47,00890210    699,9   1,6   239,1     12,01322431873000
