    latitude   longitude altitude speed bearing accuracy    timestamp
-22,89905051-47,07212073    670,1   0,6   308,3     12,01320783239000
-22,89905532-47,07213510    671,0   0,3   308,3     12,01320783240000
-22,89903697-47,07212695    671,9   0,7   308,3     16,01320783241000
-22,89902849-47,07214111    672,0   0,6   308,3     16,01320783242000
-22,89902280-47,07214578    672,1   0,8   349,6     16,01320783243000
-22,89902240-47,07215065    671,7   0,0   349,6     16,01320783244000
-22,89902756-47,07215046    671,7   0,0   349,6     16,01320783245000
-22,89902612-47,07215655    671,8   0,0   349,6     16,01320783246000
-22,89902331-47,07215544    300,9   0,0   349,6     16,01320783247000
-22,89902093-47,07216033    672,3   0,0   349,6     16,01320783248000
-22,89901538-47,07215896    672,5   0,0   349,6     16,01320783249000
-22,89901069-47,07215982    672,5   0,8   350,4     16,01320783250000
-22,89896039-47,07215654    673,7   1,2    10,1     16,01320783251000
-22,89893719-47,07216790    674,3   1,0     5,8     16,01320783252000
-22,89892130-47,07217595    674,5   0,9     0,4     16,01320783253000
-22,89890015-47,07218118    675,1   1,0   351,9     16,01320783254000
-22,89887781-47,07217252    675,2   1,2     0,2     16,01320783255000
-22,89885454-47,07217435    675,6   1,3   354,9     16,01320783256000
-22,89883893-47,07217914    675,6   1,1   350,0     16,01320783257000
-22,89881598-47,07218152    676,0   1,1   350,8     16,01320783258000
-22,89880587-47,07220209    676,1   1,0   335,9     16,01320783259000
-22,89877955-47,07222213    676,3   1,1   329,5     16,01320783260000
-22,89876881-47,07222836    676,6   1,0   321,2     16,01320783261000
-22,89875054-47,07222514    676,8   1,3   328,6     16,01320783262000
-22,89873825-47,07223221    676,9   1,2   327,1     16,01320783263000
-22,89871307-47,07222415    676,8   1,1   341,5     16,01320783264000
-22,89870345-47,07222992    676,6   0,7   329,0     16,01320783265000
-22,89869735-47,07224005    676,7   0,8   325,8     16,01320783266000
-22,89868610-47,07225255    677,0   1,1   326,0     16,01320783267000
-22,89867432-47,07226166    677,0   1,2   327,6     12,01320783268000
-22,89866590-47,07228814    677,7   1,3   322,0     12,01320783269000
-22,89865824-47,07230034    678,0   1,3   320,9     12,01320783270000
-22,89864516-47,07229962    678,7   1,2   325,9     12,01320783271000
-22,89863014-47,07230871    678,9   0,0   325,9     12,01320783272000
-22,89863130-47,07231175    678,7   0,0   325,9     12,01320783273000
-22,89862810-47,07231206    678,5   0,0   325,9     12,01320783274000
-22,89862130-47,07231530    678,3   1,3   336,2     12,01320783275000
-22,89860405-47,07232082    677,3   1,3   336,9     12,01320783276000
-22,89858930-47,07232025    677,3   1,3   342,6     12,01320783277000
-22,89857729-47,07232133    676,9   1,3   341,7     12,01320783278000
-22,89856135-47,07233332    676,6   1,2   328,2     12,01320783279000
-22,89854712-47,07234102    676,6   1,2   328,5     12,01320783280000
-22,89852720-47,07235124    676,1   1,1   331,5     12,01320783281000
-22,89850195-47,07236227    675,2   1,3   338,2     12,01320783282000
-22,89850089-47,07238003    675,1   1,0   324,6     12,01320783283000
-22,89847489-47,07239652    675,1   1,3   327,2      8,01320783284000
-22,89845771-47,07240643    676,3   1,4   329,1      8,01320783285000
-22,89843946-47,07241903    675,6   1,5   321,8      8,01320783286000
-22,89843763-47,07243558    676,5   1,4   313,4      6,01320783287000
-22,89844733-47,07245245    675,5   1,2   275,5      6,01320783288000
-22,89844457-47,07247118    675,2   0,8   286,5      4,01320783289000
-22,89845288-47,07248610    674,7   1,0   281,0      4,01320783290000
-22,89843947-47,07251158    675,4   1,7   294,5      4,01320783291000
-22,89842470-47,07252816    675,8   1,6   294,7      6,01320783292000
-22,89841331-47,07254364    675,9   1,5   297,5      6,01320783293000
-22,89840535-47,07256257    676,5   1,5   295,7      6,01320783294000
-22,89839730-47,07257685    677,1   1,4   297,2      6,01320783295000
-22,89839228-47,07259019    676,9   1,6   283,9      4,01320783296000
-22,89839346-47,07261297    677,4   1,2   264,4      4,01320783297000
-22,89838140-47,07262537    678,2   1,6   306,8      4,01320783298000
-22,89837138-47,07263427    678,1   1,6   306,0      4,01320783299000
-22,89836789-47,07264826    678,2   1,5   303,0      4,01320783300000
-22,89837212-47,07265790    677,8   1,3   275,3      4,01320783301000
-22,89837435-47,07266924    677,3   1,3   276,8      4,01320783302000
-22,89837362-47,07267273    678,2   0,9   267,8      4,01320783303000
-22,89836581-47,07268483    678,7   1,2   295,0      4,01320783304000
-22,89836286-47,07270522    678,9   1,7   289,3      4,01320783305000
-22,89836449-47,07271479    679,4   0,9   267,7      4,01320783306000
-22,89836334-47,07272821    679,7   1,2   280,5      4,01320783307000
-22,89835698-47,07274683    679,6   1,7   291,0      4,01320783308000
-22,89835198-47,07276062    679,7   1,5   286,8      4,01320783309000
-22,89834502-47,07277484    679,9   1,4   289,2      4,01320783310000
-22,89834000-47,07278543    680,0   1,3   289,8      4,01320783311000
-22,89833362-47,07279503    679,8   1,3   291,9      6,01320783312000
-22,89833055-47,07280855    679,9   1,2   290,3      6,01320783313000
-22,89832782-47,07282108    679,9   1,1   287,5      6,01320783314000
-22,89832452-47,07283718    679,9   1,2   286,3      8,01320783315000
-22,89832032-47,07285066    679,9   1,2   288,2      8,01320783316000
-22,89831610-47,07286832    680,1   1,3   286,3     12,01320783317000
-22,89830713-47,07288195    679,9   1,3   289,3     12,01320783318000
-22,89830095-47,07289191    680,0   1,1   288,6     12,01320783319000
-22,89829755-47,07291175    680,0   1,1   285,9     16,01320783320000
-22,89829628-47,07292712    679,8   1,2   285,7     16,01320783321000
-22,89827092-47,07295045    680,1   1,4   298,1     16,01320783322000
-22,89826860-47,07297662    680,0   1,4   291,1     16,01320783323000
-22,89825332-47,07299350    680,2   1,3   295,7     16,01320783324000
-22,89824426-47,07300800    680,5   1,3   297,4     16,01320783325000
-22,89822744-47,07302554    680,8   1,4   297,3     24,01320783326000
-22,89820870-47,07304277    680,9   1,5   299,7     24,01320783327000
-22,89819564-47,07305405    681,4   1,5   302,4     24,01320783328000
-22,89821662-47,07307302    680,2   1,4   290,4     24,01320783329000
-22,89820691-47,07309556    679,8   1,5   289,3     24,01320783330000
-22,89820719-47,07311007    679,3   1,3   285,0     16,01320783331000
-22,89820265-47,07310985    679,0   1,2   281,1     16,01320783332000
-22,89819675-47,07312140    678,5   1,1   279,3     12,01320783333000
-22,89819600-47,07314172    678,1   1,1   275,9     12,01320783334000
-22,89819226-47,07316227    677,8   1,2   278,2     12,01320783335000
-22,89818761-47,07316698    677,2   1,0   278,9     12,01320783336000
-22,89816995-47,07317866    677,4   1,1   291,1     12,01320783337000
-22,89816442-47,07317967    676,9   1,0   302,9     12,01320783338000
-22,89814258-47,07320225    675,6   1,6   306,0     12,01320783339000
-22,89813793-47,07321226    675,5   1,6   305,2     12,01320783340000
-22,89813259-47,07322466    675,1   1,6   305,2     12,01320783341000
-22,89812598-47,07323942    675,5   1,6   303,2     12,01320783342000
-22,89811275-47,07325445    675,4   1,6   306,5     12,01320783343000
-22,89810368-47,07327060    675,2   1,6   305,0     12,01320783344000
-22,89809905-47,07328398    675,2   1,6   301,5     12,01320783345000
-22,89809520-47,07328880    675,1   1,4   305,5     12,01320783346000
-22,89808588-47,07330383    675,3   1,5   303,0     16,01320783347000
-22,89807111-47,07331376    675,3   1,5   305,9     12,01320783348000
-22,89808030-47,07331591    675,5   1,2   298,2     12,01320783349000
-22,89807770-47,07333598    675,6   1,3   293,6     12,01320783350000
-22,89808047-47,07335840    675,0   1,3   286,2     16,01320783351000
-22,89808131-47,07336099    675,0   1,1   286,7     16,01320783352000
-22,89807781-47,07336880    674,4   1,0   292,9     12,01320783353000
-22,89807223-47,07339006    674,4   1,1   290,0     16,01320783354000
-22,89805917-47,07341743    674,0   1,3   293,7     16,01320783355000
-22,89805519-47,07343068    674,0   1,3   294,2     16,01320783356000
-22,89804129-47,07344277    673,8   1,3   301,5     16,01320783357000
-22,89803055-47,07345531    673,6   1,3   303,8     12,01320783358000
-22,89802068-47,07345402    673,6   1,1   316,8     12,01320783359000
-22,89800946-47,07346229    673,2   1,0   320,8     12,01320783360000
-22,89799537-47,07348534    672,7   1,2   309,6     12,01320783361000
-22,89800212-47,07349404    672,4   1,0   302,8     12,01320783362000
-22,89800191-47,07351423    673,1   1,2   295,3     12,01320783363000
-22,89800537-47,07352220    672,9   0,0   295,3     12,01320783364000
-22,89800662-47,07352116    672,9   0,0   295,3     12,01320783365000
-22,89800504-47,07352138    672,8   0,0   295,3     12,01320783366000
-22,89800422-47,07352207    672,7   0,0   295,3     12,01320783367000
-22,89800281-47,07352410    673,0   0,0   295,3     12,01320783368000
-22,89800727-47,07352675    673,3   0,0   295,3     12,01320783369000
-22,89801177-47,07352975    673,2   0,0   295,3     12,01320783370000
-22,89801029-47,07353134    673,4   0,0   295,3     12,01320783371000
-22,89800846-47,07353342    673,4   0,0   295,3     12,01320783372000
-22,89800854-47,07353461    673,2   0,0   295,3      8,01320783373000
-22,89800833-47,07353541    673,1   0,0   295,3      8,01320783374000
-22,89800728-47,07353615    673,1   0,0   295,3      8,01320783375000
-22,89800687-47,07353593    673,1   0,0   295,3      8,01320783376000
-22,89800658-47,07353627    673,1   0,0   295,3      8,01320783377000
-22,89800863-47,07353570    673,3   0,0   295,3      8,01320783378000
-22,89800951-47,07353642    673,4   0,0   295,3      8,01320783379000
-22,89800931-47,07353655    673,4   0,0   295,3      8,01320783380000
-22,89800931-47,07353646    673,4   0,0   295,3      8,01320783381000
-22,89800703-47,07354357    673,4   1,2   289,1      8,01320783382000
-22,89801227-47,07359088    672,9   1,3   284,9      8,01320783383000
-22,89801086-47,07364933    672,8   1,6   280,1      8,01320783384000
-22,89799316-47,07371027    672,8   2,0   281,8      8,01320783385000
-22,89799936-47,07374379    673,5   1,9   277,5      8,01320783386000
-22,89799582-47,07379114    674,0   2,0   277,0      8,01320783387000
-22,89798565-47,07383061    674,0   2,1   275,5      8,01320783388000
-22,89798319-47,07385779    673,8   2,0   275,4      8,01320783389000
-22,89797361-47,07388732    674,0   2,0   277,0     12,01320783390000
-22,89797265-47,07390892    674,5   1,8   277,0     12,01320783391000
-22,89797066-47,07390732    673,8   0,0   277,0     12,01320783392000
-22,89796979-47,07391678    673,9   1,5   275,7     12,01320783393000
-22,89794560-47,07395339    673,8   1,7   283,4     12,01320783394000
-22,89793489-47,07397733    673,9   1,7   286,5     12,01320783395000
-22,89793136-47,07400350    673,5   1,6   281,6      8,01320783396000
-22,89790982-47,07402007    673,6   1,5   288,7      6,01320783397000
-22,89790428-47,07401677    674,2   1,3   297,6      6,01320783398000
-22,89792669-47,07400848    673,3   0,0   297,6      8,01320783399000
-22,89792604-47,07400732    673,3   0,0   297,6      6,01320783400000
-22,89792523-47,07400394    673,4   0,0   297,6      6,01320783401000
-22,89792315-47,07400389    673,6   0,0   297,6      6,01320783402000
-22,89792553-47,07400373    673,4   0,0   297,6      6,01320783403000
-22,89792308-47,07400401    673,4   0,4   297,6      6,01320783404000
-22,89789963-47,07399089    671,7   0,6   297,6      6,01320783405000
-22,89788291-47,07398948    671,0   0,6   297,6      8,01320783406000
-22,89787482-47,07399150    670,8   0,6   297,6     12,01320783407000
-22,89787285-47,07399500    670,7   0,5   297,6     12,01320783408000
-22,89787606-47,07399579    670,8   0,2   297,6     12,01320783409000
-22,89786976-47,07399376    670,9   0,3   297,6     12,01320783410000
-22,89785986-47,07400162    670,9   0,5   297,6     16,01320783411000
-22,89785414-47,07400586    670,9   0,6   297,6     16,01320783412000
-22,89784590-47,07401171    670,9   0,6   297,6     24,01320783413000
-22,89784067-47,07401526    670,9   0,6   297,6     32,01320783414000
-22,89783542-47,07401881    670,9   0,6   297,6     32,01320783415000
