latitude longitude altitude speed bearing time
-22.8974555 -47.06836942 683.1 1.7999999523162842 31.200000762939453 1.31971293E12
-22.89744115 -47.06835743 683.5 1.899999976158142 37.099998474121094 1.319712931E12
-22.897424 -47.06833897 684.0 2.0 41.20000076293945 1.319712932E12
-22.89740352 -47.06831592 685.7 1.899999976158142 43.20000076293945 1.319712933E12
-22.89738964 -47.06830453 685.7 1.600000023841858 38.0 1.319712934E12
-22.89737688 -47.0682922 685.5 1.5 42.099998474121094 1.319712935E12
-22.89735712 -47.06829005 686.0 1.5 26.700000762939453 1.319712936E12
-22.89735924 -47.06828185 685.6 1.2999999523162842 33.900001525878906 1.319712937E12
-22.89734892 -47.06828054 685.5 1.2999999523162842 28.200000762939453 1.319712938E12
-22.89732917 -47.06826829 685.0 1.600000023841858 31.200000762939453 1.319712939E12
-22.89731846 -47.06827711 685.5 1.2999999523162842 16.299999237060547 1.31971294E12
-22.89730545 -47.06827035 685.3 1.399999976158142 18.700000762939453 1.319712941E12
-22.89729019 -47.06823435 686.2 1.7999999523162842 35.900001525878906 1.319712942E12
-22.89728163 -47.06822683 686.4 1.7000000476837158 39.0 1.319712943E12
-22.89726507 -47.06821424 685.8 1.7999999523162842 40.900001525878906 1.319712944E12
-22.89725937 -47.06819909 686.0 1.7000000476837158 47.0 1.319712945E12
-22.89725569 -47.06818696 686.2 1.600000023841858 52.099998474121094 1.319712946E12
-22.89726244 -47.06818421 685.5 1.399999976158142 51.0 1.319712947E12
-22.89727497 -47.06816853 684.0 1.5 46.5 1.319712948E12
-22.89728908 -47.06815014 681.4 1.399999976158142 52.5 1.319712949E12
-22.89728477 -47.06813832 680.2 1.5 45.29999923706055 1.31971295E12
-22.8972719 -47.06813129 680.3 1.5 43.0 1.319712951E12
-22.89726775 -47.06812717 681.2 1.2000000476837158 46.0 1.319712952E12
-22.89725638 -47.06811633 681.0 1.399999976158142 41.099998474121094 1.319712953E12
-22.89724653 -47.06810625 681.9 1.600000023841858 45.5 1.319712954E12
-22.89723903 -47.06809712 681.2 1.2999999523162842 37.0 1.319712955E12
-22.8972332 -47.0680892 680.7 1.2999999523162842 38.400001525878906 1.319712956E12
-22.89721751 -47.06807917 680.9 1.7000000476837158 31.5 1.319712957E12
-22.89720132 -47.06806724 681.0 1.7000000476837158 31.600000381469727 1.319712958E12
-22.89719327 -47.06806656 680.9 1.2999999523162842 22.700000762939453 1.319712959E12
-22.89718176 -47.06806021 681.6 1.2999999523162842 24.700000762939453 1.31971296E12
-22.89716748 -47.06804822 681.6 1.2999999523162842 27.799999237060547 1.319712961E12
-22.89715495 -47.06803535 681.5 1.2000000476837158 36.20000076293945 1.319712962E12
-22.89714364 -47.06802731 681.7 1.2000000476837158 40.70000076293945 1.319712963E12
-22.89713162 -47.06801751 682.4 1.2000000476837158 39.29999923706055 1.319712964E12
-22.897124 -47.06801525 681.9 0.8999999761581421 35.79999923706055 1.319712965E12
-22.89711546 -47.06801157 681.7 0.8999999761581421 32.099998474121094 1.319712966E12
-22.8971011 -47.06800413 682.5 1.2999999523162842 38.79999923706055 1.319712967E12
-22.8970903 -47.0679982 682.5 1.2999999523162842 36.0 1.319712968E12
-22.89707505 -47.06798997 682.7 1.2999999523162842 34.79999923706055 1.319712969E12
-22.89706267 -47.06798535 682.7 1.2000000476837158 32.70000076293945 1.31971297E12
-22.89705403 -47.06797952 682.5 1.100000023841858 38.20000076293945 1.319712971E12
-22.89704077 -47.0679699 682.3 1.2000000476837158 37.20000076293945 1.319712972E12
-22.89703059 -47.06796523 682.5 1.2000000476837158 35.5 1.319712973E12
-22.89702375 -47.06795509 682.6 1.2000000476837158 40.900001525878906 1.319712974E12
-22.89700869 -47.06793213 682.8 1.5 45.599998474121094 1.319712975E12
-22.8970041 -47.06790986 683.1 1.5 58.79999923706055 1.319712976E12
-22.89699967 -47.06790635 682.8 1.2999999523162842 56.099998474121094 1.319712977E12
-22.89698404 -47.06787851 683.0 1.600000023841858 57.0 1.319712978E12
-22.89697089 -47.06787019 682.8 0.0 57.0 1.319712979E12
-22.89696468 -47.06786299 682.8 1.600000023841858 47.0 1.31971298E12
-22.89694506 -47.06784072 683.0 1.7000000476837158 48.29999923706055 1.319712981E12
-22.89692567 -47.06783494 683.3 1.7000000476837158 41.400001525878906 1.319712982E12
-22.89689508 -47.06782573 683.2 1.7999999523162842 38.79999923706055 1.319712983E12
-22.89686903 -47.06780984 683.7 1.899999976158142 38.400001525878906 1.319712984E12
-22.89685279 -47.06780762 683.5 1.7999999523162842 35.20000076293945 1.319712985E12
-22.89683303 -47.06781342 684.1 1.7000000476837158 32.400001525878906 1.319712986E12
-22.89681111 -47.06779834 684.3 1.7999999523162842 33.599998474121094 1.319712987E12
-22.89680338 -47.06778686 684.4 1.7000000476837158 35.29999923706055 1.319712988E12
-22.89679046 -47.06777438 684.3 1.600000023841858 41.70000076293945 1.319712989E12
-22.89679278 -47.06778459 684.5 1.2999999523162842 37.29999923706055 1.31971299E12
-22.8967699 -47.0677735 684.3 1.5 34.599998474121094 1.319712991E12
-22.8967568 -47.06777015 684.3 1.399999976158142 34.29999923706055 1.319712992E12
-22.89673147 -47.06775822 685.7 1.5 37.20000076293945 1.319712993E12
-22.89671161 -47.06774196 685.7 1.5 36.79999923706055 1.319712994E12
-22.89669879 -47.06773082 685.5 1.399999976158142 37.0 1.319712995E12
-22.89668947 -47.06772153 686.8 1.100000023841858 40.099998474121094 1.319712996E12
-22.89668252 -47.06772113 687.9 1.100000023841858 40.5 1.319712997E12
-22.89667172 -47.06771515 688.4 1.2000000476837158 36.0 1.319712998E12
-22.89666123 -47.06770337 688.8 1.2999999523162842 36.5 1.319712999E12
-22.89664245 -47.06769382 689.6 1.600000023841858 24.399999618530273 1.319713E12
-22.89664316 -47.0676896 687.0 1.2999999523162842 37.0 1.319713001E12
-22.89663535 -47.06768158 686.2 1.2999999523162842 36.599998474121094 1.319713002E12
-22.8966202 -47.06767783 687.4 1.2000000476837158 32.70000076293945 1.319713003E12
-22.89661072 -47.06766942 687.7 1.2000000476837158 34.70000076293945 1.319713004E12
-22.89659942 -47.06766005 688.6 1.600000023841858 39.70000076293945 1.319713005E12
-22.89657384 -47.06765052 688.6 1.7000000476837158 31.299999237060547 1.319713006E12
-22.89656028 -47.06763507 689.2 1.7000000476837158 34.099998474121094 1.319713007E12
-22.89655265 -47.06762899 689.5 1.399999976158142 27.899999618530273 1.319713008E12
-22.89654396 -47.06762 688.4 1.399999976158142 44.5 1.319713009E12
-22.89653889 -47.06761389 687.3 1.100000023841858 36.0 1.31971301E12
-22.89652621 -47.06760111 687.2 1.7000000476837158 38.0 1.319713011E12
-22.89651887 -47.06759068 686.7 1.5 37.0 1.319713012E12
-22.89651044 -47.06758005 686.6 1.399999976158142 38.70000076293945 1.319713013E12
-22.89650212 -47.06757039 686.7 1.399999976158142 42.900001525878906 1.319713014E12
-22.89649054 -47.06755728 686.6 1.399999976158142 42.20000076293945 1.319713015E12
-22.89648322 -47.06754598 685.6 1.399999976158142 43.5 1.319713016E12
-22.89647813 -47.06753667 685.8 1.2999999523162842 44.29999923706055 1.319713017E12
-22.89646903 -47.06752596 685.4 1.2999999523162842 44.599998474121094 1.319713018E12
-22.89646016 -47.06751982 684.3 1.2999999523162842 34.0 1.319713019E12
-22.89645317 -47.06750773 683.9 1.2999999523162842 43.79999923706055 1.31971302E12
-22.89645161 -47.06749182 683.2 1.5 34.79999923706055 1.319713021E12
-22.89644446 -47.06748044 681.7 1.399999976158142 32.0 1.319713022E12
-22.89643545 -47.06746738 681.4 1.600000023841858 38.900001525878906 1.319713023E12
-22.8964304 -47.06745996 681.0 1.5 37.5 1.319713024E12
-22.89642428 -47.06744514 680.6 1.5 36.20000076293945 1.319713025E12
-22.8964189 -47.06743535 680.5 1.600000023841858 37.0 1.319713026E12
-22.89640819 -47.06742454 679.8 1.600000023841858 37.20000076293945 1.319713027E12
-22.89639661 -47.06741769 680.8 1.5 31.600000381469727 1.319713028E12
-22.89638666 -47.06740792 679.0 1.2999999523162842 34.70000076293945 1.319713029E12
-22.896377 -47.06740259 678.5 1.2999999523162842 34.20000076293945 1.31971303E12
-22.89636589 -47.06739557 677.9 1.2999999523162842 34.29999923706055 1.319713031E12
-22.89635686 -47.06738167 677.6 1.2999999523162842 42.20000076293945 1.319713032E12
-22.89634444 -47.06737662 677.4 1.2999999523162842 35.20000076293945 1.319713033E12
-22.89633259 -47.0673682 676.8 1.2999999523162842 35.70000076293945 1.319713034E12
-22.89632534 -47.06736601 676.9 1.2000000476837158 32.900001525878906 1.319713035E12
-22.89631075 -47.0673633 676.8 1.2000000476837158 28.100000381469727 1.319713036E12
-22.89629039 -47.06736122 676.6 1.2999999523162842 22.899999618530273 1.319713037E12
-22.89628258 -47.06735053 676.5 1.2999999523162842 30.700000762939453 1.319713038E12
-22.8962683 -47.067334 676.4 1.399999976158142 38.20000076293945 1.319713039E12
-22.89625425 -47.0673317 676.4 1.399999976158142 32.5 1.31971304E12
-22.89623315 -47.06731871 676.2 1.600000023841858 31.799999237060547 1.319713041E12
-22.896227 -47.06731824 676.1 1.399999976158142 35.20000076293945 1.319713042E12
-22.8962131 -47.06732469 676.2 1.2999999523162842 28.600000381469727 1.319713043E12
-22.89620169 -47.06731702 676.0 1.2999999523162842 32.0 1.319713044E12
-22.8961892 -47.06727405 675.3 1.7000000476837158 45.900001525878906 1.319713045E12
-22.89619434 -47.06726896 675.3 1.600000023841858 45.29999923706055 1.319713046E12
-22.89618397 -47.06725037 675.2 1.5 43.400001525878906 1.319713047E12
-22.89618269 -47.06724843 672.2 1.100000023841858 37.400001525878906 1.319713048E12
-22.89617604 -47.06723022 672.1 1.100000023841858 41.5 1.319713049E12
-22.89616506 -47.0672129 672.0 1.100000023841858 47.70000076293945 1.31971305E12
-22.89615628 -47.06720266 672.0 1.100000023841858 46.70000076293945 1.319713051E12
-22.89614429 -47.06718354 672.3 1.2000000476837158 49.0 1.319713052E12
-22.8961267 -47.06716763 673.1 1.5 42.599998474121094 1.319713053E12
-22.89611044 -47.06715393 673.2 1.5 40.70000076293945 1.319713054E12
-22.89609529 -47.06713945 673.0 1.600000023841858 40.099998474121094 1.319713055E12
-22.89608702 -47.06713882 672.9 1.5 37.599998474121094 1.319713056E12
-22.89607084 -47.06711788 673.4 1.600000023841858 41.900001525878906 1.319713057E12
-22.89606 -47.06710562 673.7 1.600000023841858 41.099998474121094 1.319713058E12
-22.89604232 -47.06709658 673.4 1.600000023841858 37.400001525878906 1.319713059E12
-22.89602684 -47.06708395 673.0 1.7000000476837158 37.599998474121094 1.31971306E12
-22.89600955 -47.06707415 673.1 1.7999999523162842 34.20000076293945 1.319713061E12
-22.89599575 -47.06707274 673.1 1.7000000476837158 30.399999618530273 1.319713062E12
-22.89599227 -47.06706377 673.2 1.600000023841858 38.29999923706055 1.319713063E12
-22.89596613 -47.06706923 673.6 1.5 31.200000762939453 1.319713064E12
-22.89594569 -47.06707052 674.3 1.2999999523162842 31.600000381469727 1.319713065E12
-22.89593028 -47.06703852 675.6 1.5 50.20000076293945 1.319713066E12
-22.89591836 -47.06703202 675.6 1.5 48.5 1.319713067E12
-22.89591877 -47.06702308 674.9 1.399999976158142 44.400001525878906 1.319713068E12
-22.89592065 -47.06704176 668.7 0.6000000238418579 44.400001525878906 1.319713069E12
-22.89591202 -47.06704502 666.7 0.4000000059604645 44.400001525878906 1.31971307E12
-22.89590706 -47.06704764 665.9 0.4000000059604645 44.400001525878906 1.319713071E12
-22.89589771 -47.06703356 668.2 1.600000023841858 40.099998474121094 1.319713072E12
-22.89588332 -47.06702039 667.8 1.600000023841858 38.70000076293945 1.319713073E12
-22.89587382 -47.06701795 668.2 1.5 38.0 1.319713074E12
-22.89586482 -47.06700835 668.2 1.5 40.29999923706055 1.319713075E12
-22.89585694 -47.06700064 668.0 1.2999999523162842 44.099998474121094 1.319713076E12
-22.89584903 -47.06698466 667.9 1.2999999523162842 55.29999923706055 1.319713077E12
-22.8958491 -47.06697358 667.8 1.2999999523162842 65.0999984741211 1.319713078E12
-22.89585351 -47.06696071 667.3 1.100000023841858 78.80000305175781 1.319713079E12
-22.89586331 -47.06696433 666.1 0.800000011920929 88.30000305175781 1.31971308E12
-22.89587161 -47.06695343 665.2 0.8999999761581421 97.0999984741211 1.319713081E12
-22.89587163 -47.0669216 664.0 1.100000023841858 92.4000015258789 1.319713082E12
-22.89587777 -47.06691754 663.2 0.8999999761581421 90.69999694824219 1.319713083E12
-22.89589564 -47.06690243 661.9 1.0 99.4000015258789 1.319713084E12
-22.89590228 -47.06690118 661.3 0.8999999761581421 104.4000015258789 1.319713085E12
-22.89591311 -47.06688833 660.9 1.0 112.4000015258789 1.319713086E12
-22.89592022 -47.06687615 660.5 0.8999999761581421 110.5 1.319713087E12
-22.89592919 -47.06686877 660.3 0.800000011920929 108.0 1.319713088E12
-22.89593627 -47.06684841 659.9 1.0 108.30000305175781 1.319713089E12
-22.89595279 -47.06683639 659.8 1.100000023841858 119.5 1.31971309E12
-22.89595908 -47.06682436 660.0 1.2000000476837158 120.4000015258789 1.319713091E12
-22.89595436 -47.0668032 660.2 1.2000000476837158 109.0999984741211 1.319713092E12
-22.89596801 -47.06679371 660.0 1.2000000476837158 111.19999694824219 1.319713093E12
-22.89597809 -47.06678869 659.8 1.100000023841858 108.5999984741211 1.319713094E12
-22.89599406 -47.06677035 659.6 1.2999999523162842 114.80000305175781 1.319713095E12
-22.89599601 -47.06675002 659.3 1.2999999523162842 114.4000015258789 1.319713096E12
-22.89600378 -47.06672664 658.7 1.2999999523162842 115.5999984741211 1.319713097E12
-22.89599609 -47.06669585 658.0 1.2000000476837158 110.19999694824219 1.319713098E12
-22.89600425 -47.06667214 657.4 1.2000000476837158 112.5 1.319713099E12
-22.89601736 -47.06667022 656.9 1.100000023841858 118.5999984741211 1.3197131E12
-22.89601802 -47.06666098 656.9 1.0 119.5999984741211 1.319713101E12
-22.89601877 -47.06663838 656.9 1.2000000476837158 112.80000305175781 1.319713102E12
-22.89602637 -47.06662898 656.5 1.100000023841858 115.9000015258789 1.319713103E12
-22.89604039 -47.06663073 655.9 0.8999999761581421 133.5 1.319713104E12
-22.89605617 -47.06661701 655.4 0.8999999761581421 143.5 1.319713105E12
-22.89607171 -47.06662783 655.3 0.800000011920929 164.8000030517578 1.319713106E12
-22.89607987 -47.06662219 655.1 0.6000000238418579 164.8000030517578 1.319713107E12
-22.89608721 -47.06662599 655.1 0.6000000238418579 164.8000030517578 1.319713108E12
-22.8961147 -47.06664518 655.0 0.800000011920929 179.10000610351563 1.319713109E12
-22.89612285 -47.06664504 655.0 0.800000011920929 179.10000610351563 1.31971311E12
-22.89613112 -47.06664488 655.0 0.8999999761581421 179.10000610351563 1.319713111E12
-22.89614491 -47.06665099 654.7 1.0 184.8000030517578 1.319713112E12
